6474497133
3208425063
6030209956
6060637844
2449649972
3194701472
3563591421
5985220704
2670387144
5379842993
3630294871
5344779496
6607332561
2949856151
5163084979
5275108722
6510004052
2467168851
5265351244
1748330095
6474497133
3208425063
6030209956
6060637844
2449649972
3194701472
3563591421
5985220704
2670387144
5379842993
3630294871
5344779496
6607332561
2949856151
5163084979
5275108722
6510004052
2467168851
5265351244
1748330095
6474497133
3208425063
6030209956
6060637844
2449649972
3194701472
3563591421
5985220704
2670387144
5379842993
3630294871
5344779496
6607332561
2949856151
5163084979
5275108722
6510004052
2467168851
5265351244
1748330095
6474497133
3208425063
6030209956
6060637844
2449649972
3194701472
3563591421
5985220704
2670387144
5379842993
3630294871
5344779496
6607332561
2949856151
5163084979
5275108722
6510004052
2467168851
5265351244
1748330095
5568248812
6734081007
5249248691
3230860763
1913024513
6414893055
6305487658
5968348922
5821495668
2160579870
2279904874
3208425063
2671109275
6474497133
3208425063
6030209956
6060637844
2449649972
3194701472
3563591421
5985220704
2670387144
5379842993
3630294871
5344779496
6607332561
2949856151
5275108722
6510004052
2467168851
5265351244
1748330095
6785046202
5568248812
6734081007
5249248691
3230860763
1913024513
6414893055
6305487658
5968348922
5821495668
2160579870
2279904874
3208425063
2671109275
6474497133
3208425063
6030209956
6060637844
2449649972
3194701472
3563591421
5985220704
2670387144
5379842993
3630294871
5344779496
6607332561
2949856151
5275108722
6510004052
2467168851
5265351244
1748330095
6785046202
5568248812
6734081007
5249248691
3230860763
1913024513
6414893055
6305487658
5968348922
5821495668
2160579870
2279904874
3208425063
2671109275
6474497133
3208425063
6030209956
6060637844
2449649972
3194701472
3563591421
5985220704
2670387144
5379842993
3630294871
5344779496
6607332561
2949856151
5275108722
6510004052
2467168851
5265351244
1748330095
6785046202
5286214502
2875286294
5264378104
2050803363
3060251635
3121957403
5859353414
2673292714
2679790371
1908782037
5200002121
6067590612
6444000864
5212947988
1661096654
6430732679
6074529809
3496269923
6354189684
5172416591
1277533134
6833303454
5914220116
1898721670
3285672601
6820858239
2161578532
6138467359
6582022151
6349600574
6470976510
6482136000
5725507373
6505897753
6131004563
5494134627
5894976497
6036935284
5552540647
5419313401
5185543972
3779291753
6129916345
5723440187
6348768306
5362680483
1797024260
6415188538
3657905710
2263507701
5868485421
3292328455
5963219939
5533926133
6299545387
6702388836
3943823166
2493075937
3811160443
5790550038
3948353015
6011312068
3980907171
6144138140
6044658645
5102167838
6748834930
2102082885
2048266867
2319481042
3475431884
6541063548
2462901027
5586763840
5618375205
5132552009
2112165501
6124847080
5635856286
5655618981
6734081007
5282046337
5479522400
6068841927
3086974651
5971769361
6629528499
6319023884
3579564587
5575661144
6130687285
5844476699
5933064887
5123364900
5054240262
2432331235
6616292098
1836449662
5206224619
5647077646
5215325275
6598831360
3974703274
5694503361
6640094789
5955074336
6189481708
5234893947
6190901901
3448567564
5707349621
3654913883
1773165981
5171361020
2399071637
6324690778
5635431556
5211386534
5092824528
1684352723
6363791854
2857474724
5299798748
6546740199
5025119496
6471603642
6128814786
3384919212
5949248772
2889293690
3722908647
5147357626
2618210643
5604471102
5944358374
3563319217
2981138655
6638674116
5127446397
6412040128
6435910718
5853511170
2768351711
5246337500
5760687574
5182849493
6059956221
5250898833
5157097033
5841970525
2157201944
1768609927
6478335184
1579317225
5292603188
5604087198
3113841755
3290646885
3893764645
3942538849
6580911248
5502161828
1752310013
6353277512
1799717187
5124878316
1259747424
5403292614
5515768389
1970601863
6549040340
5196197928
5211777154
6576670365
2005519825
1688638530
5353654289
3661129461
5584455062
5116865555
3960786435
5202801776
3772554263
2141715010
5706767356
6005871694
1974901947
5860368235
5218837976
5386714950
5056309162
5145725942
5684969303
6463005135
5498146146
1873767397
3295450705
5443668053
1996711944
6426676498
6214443980
5273347440
2018896037
3525378677
6540734217
6075857471
5253831146
6512406880
6317354275
5326361007
5639705722
6519042132
2070069757
5153231336
2459312375
1749753241
5915771764
5643765181
5977307894
2663784612
3492479142
1607259100
3186944307
5290742385
5096055278
5601828102
5394327782
5898111023
2638474685
6299059112
5480729710
3740720804
5351431000
6386239701
2753771247
5536371499
1008524461
6035776776
5492489478
6509218069
3150778194
5243613903
3177341520
6314110588
6040074377
5648910384
1948333281
2917449273
5101028261
3714400363
5843925337
2526795783
2828870184
6510061797
1816410937
2468622754
6073811359
6092471918
6435512712
6152888693
6047418906
3664124860
3558405322
5614450748
5850397573
6512626729
5651176948
1713434680
5702929423
5836021172
5620268531
6425789445
6065758654
5909248197
5584535957
6349947849
3471806242
5098023113
1794287894
6005988171
5280325995
1937535341
6375090119
5533861624
5164997516
6187133271
2935728074
5512333916
5206738084
5646202049
5251873486
5481745669
5833055113
5860338985
3526234831
5885547982
6078540157
5629379432
3948780276
3616588513
5677542583
6150438383
6351731263
6410801258
6222929690
6029209531
5540569218
2400475593
5949023401
6356554511
5316729660
6482921606
5939434546
5976607802
5048884274
6036041201
2554767994
2929729575
5049640347
5282313867
6046116341
5823232873
5692878868
5357166967
1610972671
5892655105
5260797219
3023611691
3289428725
5024293902
5299547599
5029837807
3693735885
3520291282
2258958182
2740707023
3686077984
3191527877
5541643460
5949319894
3177443171
3390230912
3689339773
6258513840
3887214759
5574885028
2042480693
3168120820
3528047335
5460238445
5621280907
2839961315
6324167726
3293292230
5121933313
5891120137
5710932623
2207690487
5518577774
5683751953
5974826670
5248354185
5546274940
5823197481
3182465814
5575850689
5249516064
3676603284
3722043394
2858283590
5973517243
5855969664
6244813801
5815616345
1915082273
5660411186
2270826110
6340736132
5581017549
5498411672
6119514551
5223199525
2959954562
2695048150
5943914545
6100160907
5639108254
6436421155
6215470231
1922789717
2336582202
5039122084
2831532700
5292375287
2629214590
6040423162
5039482521
5823118883
2672594122
2344726637
5677128164
5689963984
2921917540
3761961460
5326443013
6023352685
5540048002
6112090932
2717928981
2486031527
5826171081
3093274361
2275339041
5559073274
1032365682
2676259773
5326843330
2655188502
5316492265
3171846791
5447188165
2479019435
1861887687
5774823089
5142393785
2739373647
5793212278
1985744137
3020922575
6360664915
1799637642
3987246162
2481813481
3276689652
2809383057
5894675364
6474497133
3208425063
6030209956
6060637844
2449649972
3194701472
3563591421
5985220704
2670387144
5379842993
6305487658
5968348922
5821495668
2160579870
2279904874
3699927962
2326690617
1107688564
1845556031
3173331734
2932883612
3236874460
1942635125
2671109275
6474497133
3208425063
6030209956
6060637844
2449649972
3194701472
3563591421
5985220704
2670387144
5379842993
6305487658
5968348922
5821495668
2160579870
2279904874
3699927962
2326690617
1107688564
1845556031
3173331734
2932883612
3236874460
1942635125
2671109275
5286214502
2875286294
5264378104
2050803363
3060251635
3121957403
5859353414
2673292714
2679790371
1908782037
6610481500
5346715742
5560638579
1691520193
3238666962
5752186517
6570324595
6593475331
6545768397
5688692882
3283285632
6512988189
3285672601
5301351785
2165994005
5245648660
5687311024
5200002121
5575359078
3936530250
3025252881
3060251635
5880517203
5967001090
2916630111
6408174617
6793912674
6808372652
6802064569
6769204752
5668037476
3235151891
6493188165
5915507888
3063451093
6274851262
2029929935
3617441731
6424365060
6448970855
6235388555
6844839046
5246337500
6670827817
6593667410
3226489795
5751863770
5723677513
5230712615
3408594070
5475071215
2511704470
5744236393
3896205420
2120225020
6597726004
6100634895
6641409018
2629721752
6612674902
5458350594
6592433570
6575322763
5604758239
2050803363
5327700760
2181104910
1812246487
5403292614
5247751985
5590303551
6553556731
6134451917
6531806141
2136625991
6501625454
2881688412
5448261619
1968303117
5495812534
3718400913
6038033205
6067590612
5860341293
5380810159
3580858854
5663844492
5960438734
5887540977
1720555982
6513450889
6541063548
3367271532
6587897857
6085467248
6792943541
5653621261
3818168482
6207159868
6613350897
6580799611
5832327865
6690441883
6630016382
2315707971
1004958487
5190891299
6298779102
2876142760
3870462433
6029209531
5644459540
2860982522
5071853400
5625645218
6487133133
6324683328
5949271854
1847431500
2978704685
2628246201
6571437723
6575411164
5558633753
5023826136
3022361135
2709469327
2535484915
2278824084
3795970090
3648036170
5703978654
5493912220
2969388121
5823189254
3218032570
5967206422
5538082484
5162901984
5223025619
5730139407
5778634256
3630294871
3172366322
5286214502
5182849493
5068885617
6324725045
5039192341
1887306337
3194701472
3630294871
5344779496
6607332561
2949856151
5275108722
6510004052
2467168851
5265351244
1748330095
6785046202
3612589782
5382854419
2925298061
5600620874
5514010007
2692154260
1812246487
5346715742
1908782037
3630294871
5344779496
6607332561
2949856151
5275108722
6510004052
2467168851
5265351244
1748330095
6785046202
3612589782
5382854419
2925298061
5600620874
5514010007
2692154260
1812246487
5346715742
1908782037
5253693816
2406453300
5216353282
2875286294
2214943812
5397730879
5667934491
6331129053
2584102182
1144938947
2673292714
3121957403
3780157694
6324690778
6531806141
3237404741
5729030416
2448033892
3001793974
5530911238
5579528377
2732134350
3995600721
2735838164
5934455458
6453826928
5856103383
2476770845
2254487531
5403957834
5209690371
6271940731
6248940422
5687311024
1767059000
6852344697
6726783659
3423855984
5353227916
5975178860
2712049763
3894656864
2291559707
6772872126
2680923712
6792900208
6711326763
6857364326
5403182011
3651140557
5279279742
3903541872
5144218359
6833226779
2138621934
6166212643
3178269134
2910103371
6577663903
6841940362
5585707688
5461667464
5200174680
5465066641
5452046013
6140477312
6857352910
5944428275
6805426303
5884425277
3122886451
6796191086
6822457820
5266846300
6796375579
3845606709
5474853795
6831896165
5847259392
5739676163
5446958228
6791873685
3524867931
2276991244
2967414001
5744019567
3928816983
5837295870
2452520604
2790631285
2742582834
5504717427
3764932652
2986363145
3331232872
2662495517
6021342411
3136958301
3930200767
2813885957
3191424913
2436773791
2316581745
5880858330
3003934362
5710155162
5579859850
3218032570
3896205420
5136516043
2965110884
6011608665
1647594500
5785436206
6550786682
6839455447
6598901713
3199507063
5150662657
2672391021
1991500645
2629253761
6714749960
6678512843
5575359078
3540121775
5238313354
5859884335
3877678971
5500986526
1997919801
6379089997
6478667613
6412967125
2030227703
1901655265
2863325910
3687240643
6001412033
2437701105
5535621462
3686223785
2377976594
3740657820
6474497133
3208425063
6030209956
6060637844
2449649972
3194701472
3563591421
5985220704
2670387144
5379842993
6305487658
5968348922
5821495668
2160579870
2279904874
3699927962
2326690617
1107688564
1845556031
3173331734
2932883612
3236874460
6474497133
3208425063
6030209956
6060637844
2449649972
3194701472
3563591421
5985220704
2670387144
5379842993
3630294871
5344779496
6607332561
2949856151
5275108722
6510004052
2467168851
5265351244
1748330095
6785046202
5286214502
2875286294
5264378104
2050803363
3060251635
3121957403
5859353414
2673292714
2679790371
1908782037
5200002121
6067590612
6444000864
5212947988
1661096654
6430732679
6074529809
3496269923
6354189684
5172416591
1277533134
6833303454
5914220116
1898721670
3285672601
6820858239
2161578532
6138467359
6582022151
6349600574
6470976510
6482136000
5725507373
6505897753
6131004563
5494134627
5894976497
6036935284
5552540647
5419313401
5185543972
3779291753
6129916345
5723440187
6348768306
5362680483
1797024260
6415188538
3657905710
2263507701
6474497133
3208425063
6030209956
6060637844
2449649972
3194701472
3563591421
5985220704
2670387144
5379842993
3630294871
5344779496
6607332561
2949856151
5275108722
6510004052
2467168851
5265351244
1748330095
6785046202
5286214502
2875286294
5264378104
2050803363
3060251635
3121957403
5859353414
2673292714
2679790371
1908782037
5200002121
6067590612
6444000864
5212947988
1661096654
6430732679
6074529809
3496269923
6354189684
5172416591
6474497133
3208425063
6030209956
6060637844
2449649972
3194701472
3563591421
5985220704
2670387144
5379842993
3630294871
5344779496
6607332561
2949856151
5275108722
6510004052
2467168851
5265351244
1748330095
6785046202
5286214502
2875286294
5264378104
2050803363
3060251635
3121957403
5859353414
2673292714
2679790371
1908782037
5200002121
6067590612
6444000864
5212947988
1661096654
6430732679
6074529809
3496269923
6354189684
5172416591
6474497133
3208425063
6030209956
6060637844
2449649972
3194701472
3563591421
5985220704
2670387144
5379842993
3630294871
5344779496
6607332561
2949856151
5275108722
6510004052
2467168851
5265351244
1748330095
6785046202
5286214502
2875286294
5264378104
2050803363
3060251635
3121957403
5859353414
2673292714
2679790371
1908782037
5200002121
6067590612
6444000864
5212947988
1661096654
6430732679
6074529809
3496269923
6354189684
5172416591
1590098695
6221400394
5688599263
6879658477
6879657794
5501428989
6014220806
2375678365
3065332555
6879657405
5799821272
3675949864
5799780855
5716300510
5993045442
5071749207
5574561442
6500212286
3299084011
6862159385
6601180935
3584838583
3194093380
6500438131
5628914189
5706140406
6500438020
5382924211
6620894042
3568295423
5979125106
2620827203
6500226364
5964063443
6006078906
1590098695
6221400394
5688599263
6879658477
6879657794
5501428989
6014220806
2375678365
3065332555
6879657405
5799821272
3675949864
5799780855
5716300510
5993045442
5071749207
5574561442
6500212286
3299084011
6862159385
6601180935
3584838583
3194093380
6500438131
5628914189
5706140406
6500438020
5382924211
6620894042
