1696970244
1793733875
6862052838
2091163493
6475335524
6337737684
3485134260
5764615311
5402655606
6415927723
3062609877
5313275039
1971036165
6361817578
2688496113
3379863124
3866444116
5213701042
6300341495
1781812081
6398919192
5163355470
1657569303
6885647705
5013157465
6069942909
1622274407
6668423368
5685593519
3120889613
1629201384
1609233712
5834883975
1830453897
2290805215
3959375714
3920620403
2586214830
3122639021
6456302248
6421777834
5234445257
6886127301
6858185506
5415289194
2096305965
5951757299
5848362847
1993849744
6285851980
5012121973
1949471127
6419585166
3194553304
6541962516
5696502430
5518773708
2134849523
2937689204
5290831369
5354566990
5354560945
6694801767
2351449041
5664496567
2710795777
3319937493
1763898497
5161732108
1637023812
6353489739
6593974003
2816995773
5231921104
6817529055
6230104570
2374142893
5494997387
1937166185
3979176289
5834911960
6868602151
6886048338
1632831141
2140172974
1045508803
1736740147
6551182437
6376633291
2573107397
1932547803
6513169277
2328739301
6045472146
5288615100
2650740963
5081262512
5572606841
1590315954
2821579477
1744305145
6768108017
5494453290
6172638767
6354256492
6514736800
2234174487
2450457715
6424019715
5635591960
1765567910
3847224973
2979646890
2491197321
1969323231
6765017261
5464480219
2605462384
6885591557
3764678325
2028755170
3843328857
2628940077
5546577092
2659728333
2965974613
2521126097
5384398968
1803476127
2753830235
3194640002
5385751989
6550317263
5885663762
2106842117
3414000510
3175270445
6152117966
6865171831
5293591554
1903787833
5589069909
3208548720
5715255259
2262413322
5408294977
1899675933
5666629146
2781571262
2791341651
3209107935
1938349925
2411495307
6629905048
5533175266
3207689185
5583836242
2711694293
5725472426
6321595331
1770617073
5309376821
6886066169
3871833616
3453417174
6429509862
5883895731
5036548919
1791900550
3126402267
2218321723
2833131763
3948068877
6291227230
5855473148
1771568045
3720389627
5568328379
2471678852
5957913288
3273066143
3313960315
6755733279
3715491913
1704084532
5348267884
5398716017
2583226017
5462551602
5760556269
1837192065
2758163371
3399468284
5035664287
3205751462
2614324087
6287585061
1812849090
5203188588
3311064617
1872980771
5236474421
3129419272
2501081550
1041752560
2928959293
3944169656
6589235750
6589235750
2172820931
5384514482
1875305047
2744714347
5039823777
2086639605
1759945927
6413763396
1764263381
1783406817
5225148185
5648360613
5453716383
5589837406
6070248001
1786679462
5515952471
1769983491
1917337335
6203590387
6112181790
5187819760
1618934340
6664929991
5329902438
3770558713
2584186894
5629688323
2317964695
3133249651
2956986624
6026931871
1683122785
3201873074
3206656853
5266595143
5194077977
5208389918
6331067520
3247475215
3221887607
5537981508
5958049085
5488113494
6612240866
5610522110
5582382927
1763740800
3071493253
3071493253
1832095523
1768526535
6035416063
2251552860
3210231615
5237303521
5384748897
3294859941
3132705681
3286171342
5635662113
5589092690
3608260653
6759679431
2743238043
6534121331
6510089317
2071078077
1566488371
2889145297
6476319930
3853156218
6125058072
5628625656
6346901278
6580329276
1955063014
2610067695
2893624712
2801570061
6269732857
5188057817
6882789897
6718982455
2768654821
2320239300
6564026651
3123374332
6568201318
2017580664
6303049083
6814213451
6314613273
6815710910
5613814958
6185515040
6603952643
2210010885
6696590010
3884310240
6386492388
6884359682
6052503892
6298407333
5656324516
5992942841
1983706863
5851069182
6209422069
6697494016
2565482012
2897603511
2019871043
3966349701
3741137252
2759407667
1739378692
3808664706
2668741831
5409497551
1899732917
2938399767
3974005401
2813379670
2720919380
2301122311
1934397725
3988264874
1768294933
2075616241
1939782674
5224887530
6342963188
2657745980
3289665395
2897290272
2132718463
5953281660
2784919317
5789286342
5186958544
2586063492
2644390044
1773943051
2068240187
6379770429
6111382560
6347428626
1313173977
5803776423
5757064369
2133276461
3853036516
5384752840
6309728751
3531319763
6370056431
1350803895
6354729903
6578098279
1897148345
2278263075
6427609352
1027851915
2536717124
6421530143
3493431227
1722302122
5153176767
5617187186
2004752977
3841993025
6298303455
3473499864
1777378675
5736625810
6552404171
6866148776
1405044901
6631936273
6367416121
5174524339
5585332954
1902767641
6366230010
6111237360
2971978483
6370061612
2499217720
1673500632
3317327973
5479621126
1869442765
6348755141
6016939511
2545840144
5029595164
2419525802
2561859733
2286487563
2863128572
6755641447
5411318512
1954118765
6246688784
2072095563
1699067393
5176197754
2015650132
5499647378
6298164249
6885399330
6072799066
3780184823
5896764519
3825830325
2667625354
6884878461
5687774967
6362613027
2511637464
1771590787
6207567743
6428442948
5631509412
5176987431
3154048341
6510043236
5915849176
6053865744
6367542426
6362256859
6342986598
6448992990
5678047835
6885373640
6301228442
5335772646
6766874302
5715286732
6352645072
3426844444
1700499184
6367553247
5596119016
6177787750
6403969233
6295316422
6101708010
5840394539
2826569762
6342995474
5224080333
3580063710
6367642897
6380847029
6357141626
5213749808
2967006542
2113503057
5529549108
6304240678
1916817732
1812180964
5866051352
6158443901
3039578157
6364991069
6365170430
6365202981
1850123284
6295282916
2817564151
6167435746
5345094872
1198056135
1677602397
5600379453
5138507410
5562331112
1277159235
5666262782
6348118371
1942940067
5794637953
2725360661
3686563397
5597910682
5666601271
2274975644
2095372567
6867133339
5953963966
5515941328
2872087043
3847783888
1650794425
5701595820
5785585313
5400619172
1797189077
1970124151
5842622529
6868235521
5201378245
2579626487
5599093804
5029612474
5520021384
5984830506
2369304682
3723229204
1786818417
6578897965
6495168277
6633809115
3566838813
6036508063
6122813343
5339828889
6423841198
3684209844
2338594332
5227353431
1794356170
1792745982
3612974915
5856905726
3734884760
6859154581
3204469230
5037446138
6037555604
6531147738
1916941410
3545573601
2201408982
6444537536
3741174834
5174834060
5729856435
5046606964
1634957967
6183874211
3603704855
2524952291
1058127331
6528411559
6515354603
2748949611
5801580151
6525516633
5719229084
5904071069
2881120151
5759613318
5759613318
5779910225
5185879963
6546736683
2952461601
5779863658
6506140429
6547096405
6547098110
6519397684
2686028677
5918866179
6444677260
2350175852
5900907061
5763862466
6885330252
2328368092
6506140314
3138493365
3309220225
5641911818
2035289477
6506140258
5763877878
5260814836
5779831286
6882392998
2326190547
6597793574
2356679800
2603352183
6460228135
5389762890
6546737081
5743121810
6506140182
5715245887
5779594222
2626884033
2342978340
5779894264
6506140160
3081910614
6531021034
5315104537
6331476847
3420342140
5779596322
3871983422
3871983422
2521457313
5304241923
5779888553
2334065402
1929189803
6530999914
3520285455
3562032934
5728303971
5716902755
3319687005
5719709753
5724275791
5917849299
2468484455
3123081497
6509812948
5900679207
5880919029
2655759937
6737086712
6554302572
2330783093
2088564197
2617474195
6541282187
2131048867
6054351414
2022272087
6551690552
6636905013
6504108253
6198998000
6513720352
5187772550
6547092948
2768812505
3315265511
5902691781
5902691781
6330759267
5929857573
5779880688
5716916028
6530659762
6503802088
2340203014
5881685024
5797380821
5900122447
6210399374
6498462254
5753577756
1824661332
6379337751
6509812822
5918856440
6584338760
5883659632
5744691614
5319224103
6239563742
5601005890
6519213084
6542642033
6515067172
5865893458
6509812929
6539495028
5905994741
6603575489
2293089630
6584338477
5197708962
6504118379
5797096056
3211169922
2346852250
3020251243
6542642920
5801243862
5320047269
6630907583
6533082556
3297851535
5804242305
5857442010
6506218897
1879173352
5937850699
6452143482
5907368403
6504105170
3324296594
1938513532
6331713743
5795835836
6515100794
6636902221
5883439488
3115447081
2662834240
6513719691
5779518882
5781383774
2345970804
5728217001
5801118660
5781411292
2254131681
2640155045
5904048651
6554276964
6506207288
5801118709
2100287395
6505971751
6636902395
5319261611
2521134225
3041708013
5282104933
6509816927
3129786697
3191752957
3612587827
5313676857
3606380801
5937763703
6513475769
5861570759
6509527588
5728296575
6578590984
5918616936
5727090786
6544848014
6542340994
2658744931
5565712195
6361612097
2329422953
6547102884
5801600203
5797403775
5318540644
5318364872
6542641969
5918647790
3289990530
2348026882
6884590557
3002089180
6503799012
2104905363
5312603858
5337364314
6509818033
6547099424
1778741731
6554274997
5798614854
5795831095
6546739636
5398668458
5902947397
5903802735
6542641948
5779520946
2334251130
5325621216
5741816917
6504117360
5320162886
6541295683
5319888081
5902956521
1770464324
5796162592
6503800410
6505975209
5803930880
2205726952
6279628395
2151388285
3008867475
5753549398
6559549022
6512148876
5918618941
6542643701
3970097140
6553879906
6505212092
6541282134
6513721878
5319700649
5753273607
1923696255
3967392321
6545178240
6512384037
5797161945
6699361285
5834826387
6542642530
6546730591
2588631515
2330319460
6603989982
6545174353
3032935165
5753557497
2707059941
5337026343
6578833451
5779519772
6464527156
5325371322
2759320933
6542642678
5714068430
6513475706
6515104380
2297615753
6542340583
5666524091
3374135422
6670101874
6509528819
3866774103
5753229332
5779805538
5796211423
3060671750
3188534772
2926968221
6329752403
3993586168
5719439054
2174610437
5762088903
6335941996
3984075904
6547093433
5753388318
6509435622
2931245247
3185842800
2589208657
2345569874
5801108404
5753305109
5598925184
1885990855
5883669595
5325349201
1821520480
6472179267
6071061803
6325157734
5801106830
2330343914
5919760125
6578830852
5114510480
2354076372
6513474374
5801106708
5781390104
2334658740
6241026025
5918630423
2472454925
6553879716
5882128936
2946950627
2914793827
5801108456
5258985905
5719437329
6698279324
5779519368
5225261786
2498571585
5709072742
2575070405
5378056466
2422975560
2981157483
5917780624
5779893784
5321001158
6553880474
2256123077
5755105607
6513475005
2360434914
5142313578
5804300707
6506678659
2471104017
5601208975
5917836976
5719249209
6554274403
2328356651
2383507857
6544846561
6330087795
2749254451
6224116987
2703604137
6464043564
5803942484
2407079811
5779597099
6364022929
6515100853
6542340011
5725087454
6553878815
5804299526
6324405374
2946406303
6513475308
3100767413
6542339918
5330282389
5020333007
6506223953
6547103820
5918578770
2340357754
5859517971
2353740630
5330259329
6603515274
5755458746
6542642879
6553879089
5337034629
6747072907
2309583955
6459013026
5719487067
6208881230
6578590423
1735482010
6509529615
2753144701
5918854837
5759573590
2583348203
6436367959
6459233793
6261609450
6554275424
5779736204
6327128364
5354279599
5318610076
2015668121
5709001195
6578591880
5919450147
3630954853
5860036776
5801154548
6676397326
5753152842
5779626176
5325223543
5797339084
3295614185
5801211346
6553880024
2331968655
5378295526
5803942176
5803934445
6515354719
2250854007
5917837296
2207304877
5722942368
6509434074
5919886826
2360328032
6471901976
5518702352
6545174108
6348740423
6554274843
6578826130
5920240738
6506987452
3847936521
2146094800
6459224023
6544836411
3199896391
5713884978
3496518942
5797176120
5860550155
6698293588
1837910214
6515350686
5312271775
1654609134
6509725706
2449224371
6210205846
5728600844
3173866952
2287474810
2089209231
5801591531
5709000882
5918761553
6334022111
5444893239
5013655501
5735795965
1320568495
1320568495
2446559973
2356277522
5753523956
2339392782
5804297938
6542340435
6504960723
1800612003
5244023652
3260744480
5753139256
2342871150
6509529250
2958831767
5779714443
5319243865
6542341025
5797147689
5753592298
6544848297
5401151976
5213652931
2115004130
5903791553
5801162042
2330423860
5325280109
2326638935
3994174316
6513474208
2591863621
6504960690
6542339784
6544849180
2334988462
6547100314
5938633690
5917845161
5759566791
6361570901
2352769782
5801574398
6327853351
5917827905
6509725729
6547097433
6471867919
5840265396
5840265396
6533122200
6513719724
6545164311
6545178212
2875601942
5310810215
5724932164
6344244124
6509818916
5312433036
5919824202
6464203611
5728355306
2401684833
5882156149
6542341134
6578838131
5373409610
6254180153
5719174654
6509725787
2307962281
5258757063
5902691186
5753671446
6215196800
5918869072
3320036347
1057187237
5915188063
6509434257
6116334384
6365500973
3244090702
6546735333
3989710462
5600782846
3991857391
5797403326
5918639731
2328989674
2356393252
5719552344
5798583824
5797125789
2914109147
5919591392
6547103487
5915222527
5860550055
6505212118
2356909850
5803943935
2647884424
6542340842
3564410030
5255593900
2360390894
5319965699
5202582523
2308031725
5601217411
6578843072
6547093876
2291139560
5779591173
5917743512
5918614090
6505211999
5346923613
5903786995
3374084550
5311117462
5801123679
5246302458
2009018305
5803912077
5917794886
5919777886
5918865327
6375404877
5728605635
6515328252
5806564939
5601019724
5804231491
5511782081
5781381163
6542641681
5080572866
6578594801
2357097532
5937777459
6325014424
5804212226
5601223677
3138825030
1729082887
6204086472
6204086472
6624899631
5568122823
2352926850
5781748020
5917845501
2419482941
5804262102
5779533093
5154725970
2314713035
5804231529
2334860424
2623268341
5801224586
2340416700
2358169042
5860045946
5902706323
6669834229
2316316475
6504859344
6547093567
5915874457
5728604973
5709222516
6698526744
6460953829
3033957291
6515326410
2336326430
3255519062
2290434802
5554996594
5337219954
5914262512
5574793004
5861410693
5804196665
2160085491
5798983457
2313174721
3055287603
5709005129
6578590394
6509725771
2947840604
6216634738
6669822715
3511396960
5716769051
3308437791
5860536911
2313141085
5915099015
5799023960
2347404952
5918858727
3688187844
5781773362
6210423933
6545178791
6542339688
5796163922
5320900098
2322099505
2646477161
6330791681
2251070983
6698437862
5804299834
5797098293
6464496724
3490691455
6335947896
5753546934
5758814061
2698359965
2312692167
5880646501
6542341785
6330792542
6578609221
5312571012
5719476536
6330152770
5918619415
5325387538
2329147753
6509828514
2356710220
6546736360
5719492662
2595022501
6506216618
6515104783
6364090404
5753169589
5184360036
6532616338
5919615786
5709217059
3546873697
2339621562
2735050793
6504896623
6515099975
2317645157
6542641739
5753622202
5804260795
5312459421
5601017439
2295122970
3355290172
5913821483
6331613629
2355622140
5651034926
6460961755
6330568141
5860123806
5918796063
5918644287
6545176783
3180178785
6578839878
3604440174
5337091163
6515101807
5804261765
1678597793
2979805727
6204053874
6509828617
6221473267
5282309403
6461326477
3294894533
6700499845
6578590686
6243208977
6461328345
5779540356
5915102988
3032633847
5565313280
2353649192
5728571448
5719194978
5797411659
2349587630
2345139805
2654881623
2430429383
5626617619
5753229644
5861429403
5658362721
5902693021
6669904396
6532275094
5719434371
6015673876
6547099825
5325403731
2360394384
1772117964
3289378125
2772797023
3992922370
2357991612
5740311785
5797170960
5728372829
6547099443
1799113423
2354083234
6509433627
5779613783
3293704717
2359640974
2657808265
6669826745
3033936441
5797367085
5320157418
5779826480
5600774642
5717250387
6471869988
2312617134
2818349231
6515328119
6320545706
3415907764
6504902336
5801170275
3719563331
2650843605
6542641622
6391549196
6209110016
1842098680
5709069278
6471859885
5898531382
5798579967
6532275131
2359559192
6451097105
5740302276
6051851333
6509828878
5532109647
5768051344
5914226959
5798210043
5728549182
6513719703
6698474866
6509723239
6402408701
6504862010
5601202828
2693607490
5346963774
3659138542
6515352850
5801161873
6545176394
6542642155
6019912445
3558121671
5796199605
3249621614
2014077201
6578590657
6183861451
6523019129
3777764141
5919454708
2301753050
5797167662
5880366372
2334236897
6515101341
6669821326
6513474524
2449177841
2359427920
6509828608
5709073680
6505513050
6327517068
2183287487
6515053543
5330156266
6471884445
5796208815
5709334435
1708916287
6515353053
5403459358
6542642028
2334384130
6210464766
6193887046
6547094747
6046549164
5779809873
2643903780
5753206690
2886299642
5918618300
6578607754
2172939737
5804254511
2322142037
2350610840
3121750657
1933050640
2947851625
3933970870
6210750429
5779494581
5960536631
2827196195
1885257647
5325644198
6547096585
6472208071
5917846237
2726461151
6505946254
5781761989
6059441085
5256997586
6544847960
5918057291
5903803989
6509538911
2248093203
5795855306
5779521823
3237951894
5753228724
5751011150
5779627285
5804258014
5804250073
6542643698
2356441900
5798616593
2942020727
3128975162
2194327264
2354387012
5263346525
5719843650
6216998905
2610043383
6542340273
2356743774
2179513707
2306876942
3186996882
6450866120
2341289975
3156847583
6547101687
5720577335
3846262356
6509836789
2346539384
6324640391
5718919810
6603967660
5803890600
6515328390
2654714427
6578599434
6461328134
2332338630
2560831697
5707737654
3318508661
5336956431
6546737288
5330490135
5798589629
6356858905
5779811038
5797389024
3134212265
5319941666
6638417688
5899716552
2349328870
3879224383
2289139317
5720609961
5847536711
2402657094
6360069338
5902948436
3929457653
6505566034
5325557252
2346696010
6532275193
6513720232
1813161943
1900514595
5762130044
3101744697
2922012547
2322736834
6333888944
6276733242
5904061035
6513474178
2346830420
5807435651
1877681643
5927694897
5753543277
5899518914
5298259991
5803891860
2358958480
2170542935
2604807611
6544838657
5860062476
5797368889
5781740046
2358603980
2909435661
5282290369
6885243653
5804246467
5779918853
2085805783
6459019738
2692596290
5728280481
5257375964
2388540203
5941311427
5709301635
2354539122
6522442598
2354171362
6509539159
6356850407
5803889218
6509723842
5902706924
5804182462
3176650540
6451096972
2339638234
3479656385
5803890293
5536760092
2532797895
5779810923
5761823182
6356850370
5803869652
5918645374
5797229989
6464524822
2561660687
5902950828
6204408817
6522442596
5736114025
6034306881
6509828564
5749312980
5918941784
5762123454
5720566027
5722752562
6514722311
2297501674
5872091228
5721712914
2334740890
5712330361
6522151731
5410731779
3188175422
5721578422
3139893630
6509537204
5172022571
5799800525
3250504827
5779397635
6023539077
6472174935
5716564699
2324840377
5795849450
6513721883
2336445342
5996129364
2353376340
2387563155
6515329546
3536984797
5801159697
5799016456
3802905139
5797437599
6450865996
6509826924
5991942627
2298692294
6325190309
5779453517
2350448053
5804300770
5888463721
2161573411
6451096983
5872671967
5337005902
5534124014
3047708925
6522724189
6578590449
2353080890
2170568571
2338926077
2791418053
5781758109
5762268492
2965242847
5336948398
6450866007
3848894027
3223026690
6506222211
6205379639
5337060837
2331484554
6360061296
6528430542
6509537118
5753311246
2263572065
5779644762
6471897779
6636834597
2165867091
5918060752
5337175075
6532616393
5801148371
2729610797
5917873232
3175697313
2325570614
5902700816
5902700816
6209020992
3020305823
5803943896
6523495473
6541279831
6506225391
6024050517
6532275042
6450865997
2350726990
5337165571
2332677504
5779344712
2503224487
5781737715
6523495269
2185155435
2255403861
5709347427
5801474476
2526843772
6638387376
5228351460
3122725470
6023800606
6461327659
2505980417
6472163290
5666378685
5910330852
2352246350
5337274870
5755133850
5319992745
2327150784
6547095003
6023541375
5903795322
6472170710
2991134385
6523496364
1870238195
6546730131
2190548425
6532616353
5325428438
5804287801
3027892990
5719437160
5801151273
2526938193
1826893202
6450865972
5330375517
5803940569
2345639460
5797324725
6506985421
5337159402
5373409564
2330420150
6725335653
2098809443
2357193170
6207985858
3458416494
6226930025
3920845130
3297657577
2474003301
6523496474
2335987234
6330746198
6638385561
6460961633
6523807747
5735354176
3267021450
5781761578
6548585642
5796207440
3261354705
2344753130
2804410393
5753514358
2240408263
5763894688
6578827079
5700307812
6459012332
5709323042
2335750740
6356846977
6460957662
5801136540
5196232465
1338622474
2744607642
5312396467
6509537384
5257359886
6451095652
2347171262
2465421595
6578590201
6522810196
6356846330
6239147648
5735797404
5753174858
2298548382
5779697264
3597657424
5282100245
2343864464
6523508316
5918863574
6460959830
5903939854
2674350192
2350937062
2503053701
2306981154
6523508434
5779539412
5601200960
2309974982
6523807625
5712424877
5797144004
2331365933
2697722062
3025195634
5398560746
6578827357
6545163450
2312544504
6523251242
3941872150
5779797374
6460959961
3490975834
6528502708
2339699630
6532616347
5736118384
6523807627
2575479121
5762079550
5320149721
6208005943
6523251172
3245717145
3122768220
6216662571
1793006730
6636824047
6510235525
6530045574
6461326332
5881910190
2327521864
6523807777
2472396733
5735802926
2336065334
3023868557
2288722842
6523251331
3503140825
6334859566
6638380668
2357902352
2354680420
5330173661
5902936742
2582514923
5743172008
5795799372
6523251244
2438092335
2617464641
2928298003
6321401300
6578828814
3943186652
6533661359
2309936262
2914392743
5779835086
5753632703
5741817587
2352992110
6881315219
3088743641
2920462707
5900687309
2231766161
5319368606
5779493717
6522829172
6530387243
2095701355
2343098153
2672351087
2483505711
6459018389
5319965165
5806710359
2335086310
5917808150
5337261697
5598406870
3312073395
3257464302
3846501172
2691746975
5779915564
6460957445
5917654449
5753491701
2331170242
6883403834
5689327547
6233061181
6546734343
6530867727
2358008964
2518792361
6327223879
2705300467
5753510347
3193333812
5917778794
2296306242
5781374849
6546741052
3191957163
2267785921
6532275086
2360260310
5902946145
5886267826
6540952336
5779533795
6546740513
6523493635
3966911151
6015679003
6210711577
6578825788
2852364245
6459232753
6028121263
6281932095
5740850885
6506218071
5719173545
2352918670
2724822571
5797397700
2334723780
5753672128
5872203746
6578831911
6459020058
6532616390
5918051243
6529921838
5918860237
5755469699
2174616733
2329575050
6546735079
5803943448
6471879261
2354562974
6490977511
6503692870
2353739270
5797377910
5728523151
5186698554
2305963274
2330566812
5801245961
6205586925
5918833681
6578830886
2624786613
5714081920
6505993413
2327747983
5257038070
2698376634
5541099717
5799026080
6226944048
2623039247
5718079834
6015245254
5806525747
6509436170
6578599249
6451084690
5798976945
2300310727
5318580599
5938642069
5768105289
6330168540
3155833204
5917895453
1866449445
6509436313
6578826497
2699894462
2936119817
3302999623
5880769522
2159041773
2337899042
5796214733
5779814107
6541282377
2328846510
2335966084
5803942035
2348735374
6331477871
2816684873
6451087739
5667341761
5627740265
5601220268
5753668577
5720693367
6523104443
5803943363
5779908961
2350965884
5731722491
5880761782
5232115049
5647136690
6523493805
5917070037
2334681242
5722367844
2304158992
5604937506
6461294924
6523104362
6513746208
6512454369
5712393467
6544834350
5804258768
3860945592
2929850081
6546739775
2352276024
5709074669
5722363624
6330722627
2546323595
3013776225
6090506909
5803941773
5779534919
5878634869
2044973211
5484493895
2308138172
2332131134
6513749504
2255874333
5781752133
6532616535
5935510444
5601220950
1920472265
2836588963
6224235399
2289767514
5779727750
6506213534
2348560924
2335531922
5673070840
5781412448
5781401559
3317741823
6523251374
2350954630
2953294767
3257044254
2662464752
5720578637
2698973787
5779717172
5610651732
5880369937
6523121284
5736090484
2312353262
5779336899
5779750624
2505961613
2155751823
6638394300
6884765538
1772609311
5779720106
5779920349
2353935890
5918010888
6532275182
6638414413
2263130253
2721109684
6523260165
6208549929
5798613576
2359662500
5779464778
6531055400
5917869038
5542392339
5542392339
2337198162
3158332712
5498141182
5803940660
3296080131
6578590482
5799033001
5600910186
2845268467
6235193568
5753281330
6506680239
6513745266
5472756755
2351429314
6098318280
3276414071
2118213151
5724940611
6512890019
6505996600
5739347140
5902715663
5722143164
5255709125
5807069136
1909835780
3305726183
5799001229
5803864034
2708339875
6015245317
2906202311
2810492837
2317671217
5916847516
2773346437
5258941492
5844113475
2489427131
6546732961
3238055162
5378270202
5918012133
6884181458
6506232554
5804222322
5759092930
2357885844
5882408526
2047033155
5701827068
6532616554
2352526042
5728505686
5797184422
6505734440
5916842951
6531038463
2948827115
2251400541
5257376482
2356386704
2329530274
6513743778
3873464197
6156578994
3823977139
2920848455
5702918650
2343120382
6471862415
3218559102
5330440589
6505961586
2293904050
5740803537
5779904059
6531012624
6531012624
2324117660
6578831772
6872623765
5779753732
6553868514
5781770107
6541918542
6225311355
3116704821
6324641900
5759857087
5722236830
5919791558
6329747183
3026884734
6074511548
3308212305
5779912386
5798652579
5801226009
6187172775
6530687760
6541629583
5601195461
5801594794
2357857250
5880648493
2390558333
3163511875
6530315960
6522585932
6216644907
5735809031
6512678500
6541918487
5739367716
2343812162
5938959661
5722284672
2730245841
6471882567
2699501433
2064915231
6546734169
5389969142
2173817535
2331912580
2696127457
3216286105
2332292814
5735764564
6239075551
5319666306
5337201632
6523005190
6321303795
2304697360
2735634263
6506680263
2329036124
2541099683
2354401834
5728313426
6532616044
6330893170
2349760641
3272934435
3802887408
2346430764
6530703731
6512677968
5803816812
6526936469
2171309877
6578826249
5639697549
6024054196
2357168010
2891278785
6472193737
5456560784
2352757642
5903808841
5759550623
5779515596
6522802582
5796231671
5652950926
2996599443
2787121143
6015243354
6247823152
2319633881
6509725164
5722306259
5779602772
5781774843
2277397413
6015248637
6530331250
6522293353
2972040103
2116924617
2343619942
5721064553
5736119853
2353400952
6206074163
6514039185
6531048391
6513746317
5330215362
2239705453
6529854558
3922505643
6531005711
6527258871
1830573985
3314925495
2714903270
3846699801
5779914992
6216646959
5759907927
6636826090
3190594364
3548754562
5555267703
5779884774
2367438715
6529793756
5712483390
5803879969
5904070546
5797349594
5797341822
2349780652
6530697179
1853138634
3101683611
5917169087
6512895049
2933671795
5779810840
2659677222
5761863625
5601202542
6471894943
6330181395
5779487776
6522383192
6546738121
3302539845
5797384526
2319701995
5801514786
6202982304
5882192426
6530999588
3152074010
5889762821
2353438792
5735828570
6327851674
5801230393
6638410514
3019960813
3295441921
2292711560
5451417418
2800633473
6490972932
5779413185
2309049030
2351352024
6547099011
6238747455
5728338988
6530520572
6530520572
2996592240
6547103075
1853592294
6333457113
6527323068
5798991955
6471885697
6532274776
5761794332
2332309980
2498162601
6509435561
5553752229
5799014995
6578826121
2356321224
5263266364
2489391513
1975599577
1975599577
6513500356
5919489314
6123975311
5728251580
5728387141
5915210839
6505737199
6530996700
1949235355
6532616058
3189284962
6235523969
2291539700
6578590436
5337118064
2342599724
2340634182
5763888747
5601014322
2434476725
5725183656
5337080608
2351678390
6204428137
5779518229
6023284838
6541282121
2283743715
6472176956
6327854621
5282121949
5797306884
6070983927
3501785673
5753421649
2495850345
6490980330
3165350944
6522681592
6329748207
2326168084
5797175615
5801526877
5918046922
6527788580
6530650795
2326968134
6512891506
3848223586
5330148058
6546733870
6330974744
3598229512
2332167114
5779549862
5337175712
6529584794
6530668998
5915103013
6505738106
2303264714
3937041353
2337130860
6459231340
3320188401
2327764803
2938065245
5312381921
5795852042
2726250505
3950864175
6532353820
5573409677
5282103718
3255949215
2842800843
2107884713
6327851804
3779707025
6472157091
5798589065
2337541802
6546736397
6327195342
1943128057
6505737043
6541918814
6226918624
5330168239
2343471670
6071831537
5904068843
5915923794
5761869993
5325408998
5882190203
2352571730
6071906873
5938156682
5719509611
2639781015
5762080656
5861141189
2833735687
2331905530
6201638661
3291587741
5421582930
2294011562
1885261770
5391246219
2308135715
2351138012
5883671429
5178788825
6512671680
3245889121
6522681591
5716965302
5903795536
5798648101
2307577257
2343974727
2015694921
6330929742
5762060926
6325012757
5728265306
5917889320
5779901900
3855643092
5721815438
5312424998
6330556290
2341396432
5779366794
3211800904
5900118419
2307946983
6472162340
5804293441
6548484696
2332868557
6523504056
5993641118
2178915145
5859458307
5593685346
6325010802
6547102396
6782891243
6453666771
2345868630
5937849379
5779769174
2744287272
5798970498
5707616548
5779551057
2358152030
5903788869
6546737896
5739411929
6523504144
6525611092
5722140153
6327853900
2175301545
6509111351
6039700370
6472202875
5797379188
5915096987
5851249691
5801236023
5779803771
1680318844
2948402395
6631639165
5907146521
2348763340
5779879322
6021087116
5378062042
5728638850
6523504192
3546253902
5894018879
2356504182
2356504182
2312639693
6459017891
6238735559
2109064854
2331991545
5797353182
2357172684
5779688961
2430035655
5592963866
5902694840
6506675628
5779628840
5779509824
3793612702
3926530574
2310469877
5779415356
2653240187
2587056001
5917062774
2950350775
5916735274
6523504255
6631626580
5318529294
2336227640
6513748454
6522320013
5796215015
6525611203
2653460157
6523504268
2055989853
5779651784
2919437945
2293909742
5881665454
6325009745
6523803791
6522661722
3219749441
5779860442
5740290567
5801558499
2412061203
6636797904
5830739070
2609417035
3117741784
3042234581
6330729043
6334118145
5600772848
3030829901
2350076582
6459011601
6239543389
6523504234
2820230683
6523774128
5801583136
5725126097
5899917920
6553870140
2911578637
1837033521
3122336394
5801577625
5917689359
5716671181
2350716092
6630985458
5601016038
5337285014
6327223801
5797450045
5797085356
6546737444
5753550393
5919990316
5588641649
5779852092
6524177827
5860508935
5881905560
6015038073
1796681781
2927942635
3202440857
2357932920
5781743247
6491320036
6529193321
5337055644
2063413247
3602047200
5321521636
6461314519
5880646300
2336708322
5796211809
5781736942
6522369885
6208373961
5452671553
5321517048
2349262191
6327850934
5860387970
6450862299
2694516013
2347082432
2558761733
5719151000
3959849342
6522611891
1799091841
5712513139
2650141840
6546734489
5801225519
2356613564
6885015216
6523774413
5779812020
6631612371
5672864194
6459226817
6450862648
6505983044
5781759792
6522662001
6546730253
6529193421
6325012506
2576742255
5804249314
5904050765
6523774407
5600773130
5192671805
2982816095
5916964970
6451093579
5741535618
6522793591
3608026222
5797147128
5899504913
2342622774
6546732699
3152490442
5801609361
5213275844
3302754135
5898529325
3246886151
6330765211
5227831822
5330135677
2495384317
6334100224
2310783400
5717582488
6506687072
2649564385
6450862643
6630996297
6523256186
2352951284
5779601608
5906034443
2287405252
5722797851
6325005370
5228194970
6523256366
5803935586
5915234905
2291204175
6547104230
6525589627
5547034453
1969015470
6604004080
5803842076
6331456976
6529194127
5801543219
5092764811
2354560824
2397187717
6546729966
5634189910
2536155865
3284295560
6491603294
6450861094
6334054167
6631638207
2337574554
2330830180
2385296953
6513748472
5716924374
6529194328
5755136193
6522013976
5779809954
6554265696
3180918857
2349910442
2733774862
3495256442
6523774479
5804185936
5781411897
6521727652
6505978543
5801546492
6451083505
5779705896
6235652051
6523774507
5716511311
6202956408
5337276807
6453914301
5779878101
5780352466
6015680147
6529506579
6513498437
2353739472
5797318453
6578833515
6354239851
5781774757
6489953874
6631637369
6523577210
2351335344
2350170250
5874545886
5740218208
6328041122
6553871146
6553871146
6529506797
6523800945
6203997917
6334052775
5753403042
2357906484
5803836935
2730860984
5398658206
6451085678
1677829835
5741754483
2358060014
2616609143
5902697073
2667259530
6509723449
5720236194
6578590458
6578590458
6210387224
5806354668
6578843559
2525366455
6630997113
5337171280
2186643213
6529506805
6112209824
3932775649
5907374697
6426748443
2335733880
2340825852
6525589593
5779708945
5325391335
6522919195
6546741380
5600774908
3803485412
3010576803
6015681474
6541282054
6513746164
2355405154
1757693965
6529506883
5684370242
6330763160
5797177396
6329755870
6327526334
6504016134
2979793957
2784788273
6586441885
6505956120
5337169255
5378231162
1855439617
2352046682
5337129540
3344317150
6523501627
2375680031
6450855097
6491211904
2352698952
5755144528
6636818943
6586447763
5703033484
2915176557
1725394337
5915505233
6330232696
2350112390
6330154752
5509052168
6504015975
3123002874
6082107463
2697339740
5378276099
6586878388
2324264144
5914045925
6523213490
2759012097
5804245317
6630994137
6509433878
5525359080
2630721617
2343931104
5797072536
3093345594
2156787725
6636819380
6201577241
3937058114
3625656662
5761976630
6578826686
6509724485
5325389460
5779862203
5902953460
2346769270
6523501646
6202982128
5779533978
2527378023
5916734814
6513499291
5318762000
5797411461
6523801007
6330363288
5720410847
5744591864
5656115891
5715640842
2313590735
5208544125
2345912204
6547096340
5762354664
5796209940
6330454885
5898528248
2353112200
5870379542
2154183663
3941850875
2303226242
6546741271
6330454873
5725087436
2670855073
5713894532
3201414197
6226937255
5753646247
6578590386
5872450908
2288667745
6522066019
5804258811
5721992450
5174192996
5859786157
2291715512
3911707107
5158059233
3137187371
6206119086
2688106292
5779418497
6472177052
5559150645
2316550623
6503704471
3873587848
6087925653
2307428113
5761863569
6513746044
3293744930
2356511230
5904197965
5873710137
5716838711
2722889794
5337058883
2347343140
6523888161
5591867457
5781768426
2353341374
6546739698
6524129467
2350626270
6331730688
6523483101
5904285327
6631624281
5804178669
3173728794
5373656522
5872670191
5915102111
3130596892
5336983369
1933909682
6327198943
2354487970
2339969614
5340146170
2321883205
5581148774
5330443858
6471865855
6515304748
6547098827
6523782430
5795818159
2033639757
6471889698
6523782725
5779698307
2399561647
6210449905
6330452984
6630994121
6528555164
3318816711
5898755221
6334030367
2400764733
5554859845
5330374259
5915880775
2303309644
6513746046
2330581782
6523483387
6546731090
6572621631
6330359283
3038153947
6603913087
5859436641
5764136290
5319924337
2335962900
6321299301
2352215054
2305816574
6514023615
6491586844
5779785222
6578826246
2517197553
6509723674
2355034062
5795849834
5801524089
5346693738
5554862332
6525618649
2350408660
6503997053
5779864631
6631628941
6515297701
5748090686
5915628121
2351102660
6513499765
6324079252
3316760161
6523782369
5795853608
5804188683
5779753593
6529191801
6330358704
6334112393
2353911830
6513638402
6523501721
3529406860
5747977532
6210465064
5779786705
2358725720
5716910106
5795850435
5712214155
5914260493
2343795450
5917100484
2295872514
2116944671
6330358229
2495090515
2495090515
6510416591
5330402630
6235631893
6453667082
5779412703
6515056891
5803932029
6516344847
5683901622
2329987040
2525321905
2338125482
6630979109
5779496308
6329752720
5706521774
6525961881
6330357566
2356158574
5797158301
6523501487
6578827022
6513501547
6603524841
2343041070
1792115567
3302054043
5378271824
6529191716
6330531474
5633372511
5755124870
5753278790
5781383831
6503996341
5804220931
3300179425
5915882634
5346844884
5902946412
5151253460
6525647199
3920843236
6491502999
6453928135
2349260694
6330208314
5753639113
5330159492
5346871903
6513746037
6020130850
6515300224
5282308160
6529191675
5556256529
2929915113
5915613921
2938423122
6333471015
5552515657
6019231980
2358077200
5902698590
6515056130
5282300686
6526313908
6523800906
3142841703
5042400584
5902694273
5716698084
6546733661
2332105122
5719477088
2337957264
6515305456
6236464973
6505947459
2289778654
6464207843
2336039042
5319377243
5779830838
5915866522
5346909359
3168678840
5337249867
5779416271
5902942741
6515052250
5781405900
6529191763
6523502851
3318859881
2347944562
5801168051
1836554453
2357485702
2354076024
2355439090
5762166681
6630908962
2939766923
6331149611
5716609755
2360261094
2332296772
2792492515
6525609834
5851035490
6515051880
3941249296
6330796152
6330451310
6529191788
2354913324
6523502770
5682755378
5591861778
2329452763
3232075524
3564261921
5337210218
6515296491
5303854652
2350616140
5779707062
5779528044
3205017835
6335218065
6541918501
5779874050
5322483827
6233037256
2331995325
5797373884
6330803887
3024475571
1960693031
5779728590
2240246624
5716802578
6503681167
6515296982
1674429884
6505734940
6331096634
5319652885
3275760595
5469759766
2291781002
5330346327
5915762409
6515294579
5320202771
6494537968
6541629535
5677719257
2464436995
6578826227
6523503341
6515297949
6630961069
6464242334
5915427596
2347186264
5797372624
6000419482
5801598458
5801160301
5779440315
6529509180
6523802803
5781751138
3482002112
6330187891
2351589344
6578591131
5755096812
5740311408
2326469481
6204274577
5779697711
5801239094
5904660386
5904421338
5902695954
6523802741
2299721782
2296124632
6333450441
6525647329
6630979688
2345522054
6330449185
5716582130
5915235995
5779438487
2955242030
6465054803
5781773952
6533424228
5779732134
5337071292
2521107431
6334114220
5753619133
5797159221
6496996360
6330351690
5713893206
3612450833
6529508726
6327055219
5902696695
2346963174
6453667732
5600997463
6334921960
2317842501
6523503325
6578590317
6529505559
5598925451
5312421506
3616721302
5915495769
1900791655
5601008109
6453924296
5264676578
2693447062
5320143042
2400930387
2705728165
2360197584
2347071840
5781775553
5803882020
3319730253
5716916869
3626550587
5781767999
5915223517
5741719264
2345463832
6331082063
6335025866
5218228866
2359352160
5938630792
2158362025
6522526606
2310438354
3310010531
5707332236
5720148330
6015672830
6016357744
6330350856
6464496311
6546736338
5661127396
5870189122
2357217820
2178878995
5659203218
3268494741
6505994339
5804257331
6523503217
5740817482
5861117095
6630945682
2340217112
5718907691
5914291524
5803926559
6330350026
3993078902
2157410233
2334526784
2344341372
6330999277
3592713714
2329342292
5720593553
6237762979
2689429487
6523802686
5804218967
5803889972
6330349974
6578835925
2520139233
5755127191
5753648521
2937882287
5938220722
6586445553
6522529839
6546734991
2350357734
6334102557
5803913213
5714061752
2303369240
6578827089
6330447479
5226805717
6515299959
6505996392
5319931957
5753304996
6331719860
5915202872
6523802923
6502528978
2356697614
2351190602
1958149935
5803885002
2169279927
6630997954
6522238952
5779497127
5171366926
2335403680
2298388642
6580844004
6586871062
6236520556
5319501316
5728614450
2325887920
6523503372
5720552466
6515297970
2348477200
2349558632
2926432625
2354742774
6631634706
5319224946
5764135346
5860407652
5703716750
5675139574
2137417902
5753224966
5330138706
5779537767
5804236559
6532341753
6522527870
5753039783
6546731390
2482573823
6513482477
6638418300
5779589372
5578424186
2044752845
2294608614
6330163111
6330348098
5797175243
6327060608
5779709286
5716653289
6245795748
6515046092
2343477032
5904058015
5779835245
6546737621
5906194054
2354806672
5779465666
5312397878
2160696917
1598952223
5796168214
5017484599
3842835095
6515048316
5849683658
6523802886
5753271309
6631616677
5779419587
5915215037
6328079865
2289862467
1562803214
2328701094
6201814764
5601003127
6547095107
5722965494
5768369216
6015036838
2327035330
5796162799
6491520427
2891566903
2300174542
5803851406
5779564495
5779830497
6525871742
6523502580
6515304477
5905761210
5779697955
5801602363
2157435527
6334110102
2305428222
2710890410
2184287425
5755454248
6324077386
5904056583
5321377452
5556135676
5915502776
3299854845
5797376393
2343684460
2153593065
5803876704
5366011000
6515048020
5744627645
6586442026
3579990365
2311797974
2449304477
5330237270
5779832497
6239568343
6513727817
5715827142
5598928234
2206721103
5506828229
5319930437
2336041230
2363706443
6523802942
6522527138
5797432637
5277661153
6603991176
6513728151
2356965574
5915207880
5555268190
2332065804
1726429144
2164382741
2352368242
2328395972
6546740912
3508789461
5379777333
6575191125
5804233654
6528278662
5914174924
1890297291
5903936369
2826315245
2332022791
5469736289
6586444803
6532019346
5318349263
6533471404
5712322546
2356516980
5779807283
2156344763
5803636907
2331977101
6513481676
5720086297
3112805037
2355754303
5716719048
5325677281
3943255162
5915220155
2390462683
5716565466
3873696706
2786735545
2343376830
6532446775
5755446734
2946711427
6327525793
6578838820
1226114790
5860530213
6330168880
5337269891
5803870993
2359575562
5718055581
6515298744
6513705621
6330989984
2357207730
5859490664
2234617672
6504880081
6034486587
6532029126
6525940640
5320279078
5720591651
5325241957
6546731713
5330133002
6528278623
5779598351
2334573510
5781376470
6531999352
5797194222
2325939254
2356508174
6015473428
5707330649
6578826305
5915868813
1925520841
5762962641
6328090585
5803847705
3634195173
5804234303
2359915914
6465029920
5753546621
6547092734
2337748504
5904057334
3024228322
2354940450
2310704472
6631610363
5915875110
3284605717
6226939921
3210079892
5330279123
3478921562
6525871962
5600911667
6513459727
6465334322
2356687724
5915822700
5087952984
5763851886
5763851886
6630947336
6515303247
5803875079
3791107981
5865761146
3150587755
6578826562
5598923259
6525915964
2363423850
2972696497
3951983036
5939078814
6513460559
2292376765
5601017526
6327045161
6631628882
5914175511
6523503447
3209440894
2334509534
2288610013
5904052870
6525639362
6586871504
5283681450
5779594669
5601224939
6515297402
6335163117
5321276034
5779898124
5804204383
2341162934
6331656957
5895876219
6523503580
2782470965
5324082888
6528563790
6525965964
2686575667
5731959197
1810399244
2359750082
6522530570
2352284104
6510252763
6371569758
5601222329
5330404358
5755112733
5860454360
3618480401
6523503546
6525609956
2351127934
5337069238
5943642735
6528854176
5779804191
2360090930
6244531391
6532360866
5779894635
2918250367
6505735003
5753656739
6505947780
6510238556
6523802930
2347249120
5804230815
6528564451
6586477654
5753146126
5712292928
6546733448
6513482015
2363710292
2294600720
2716770315
6505966785
5803876153
5801570346
6504494440
5781233295
2076614905
2329903607
5781410550
6509932565
6610930640
6334107892
6513461128
2011592870
2353681560
3985417140
2330742080
5916881504
6505997619
6528564514
5282331449
6233401630
6636809057
3824195801
6515297196
5779896704
6504834260
5712492800
5915338708
5779525373
6509928847
6525611217
5542398432
6523802978
2353298824
5779523595
3291493395
6586902746
5601225238
6528853358
6228186028
6330130076
2315814173
6204079112
5712252627
5712518433
6547095944
5599588785
6525993085
2335701830
5601222646
6505734373
5181227086
6513727320
5779540124
6515300973
5781745473
6528278830
5371392050
6235901934
5795838830
3259931975
6335026781
6523802631
6528853372
5325350591
6015680268
3135840305
2350477154
5779896952
5712274011
5337283583
6610966048
6527712199
5308251782
5601222330
5779521389
5915505540
5803877464
6327047922
2290732083
6515302982
5336991741
6485642729
6546734908
6523503238
6586472001
3710442723
6578826239
2998956127
2358347114
5601014668
5330427873
5667399281
5915865019
3249388294
6515056273
3554261024
6513459085
6330966336
2161079677
6578840478
5719179622
2331884650
2358391244
5601005084
6603510505
6235594912
6497226510
5915215363
5779881076
6586477158
3930135771
5753606854
6519479581
6513706537
5689252727
5682848807
6333496807
6525993135
6515047474
6528278717
6546740413
6208373478
5242904447
5918953506
6527594941
5725126396
2363640702
3992944129
5797189542
5741716583
6523802696
5601019903
6515049167
2501262637
6513706504
5915754739
6230892957
6327518046
2335285872
6586873945
1993304185
6523802697
6546739138
5797405697
6515054095
5600785187
2353413972
6465029647
6327045661
6528278710
2255301855
5860449071
5325677345
6523802671
5398426134
5781763014
2308482055
5781399263
5904295889
5411450425
5716769896
6512141777
6210639520
6112866124
5753255726
5860036515
5514082831
6523779928
2742707713
6331668402
3502442131
5804235470
2324214800
2349657502
6545493311
6545493311
6329797078
2460722727
2336402550
6523779648
5718565757
5719553291
6532069036
6335232240
3147821882
6547092443
5346901173
5722136029
5337082043
5779831207
3307767431
5915872766
5781418496
3221677903
5724870216
5753236183
3494749213
2684691777
6327236120
2461481607
6513704534
5779628222
6547098264
6586481790
6545823354
6578826391
6523779614
5904069474
5747987079
6219277712
5904473837
2356528642
5803941892
5781406084
5807590505
5797396794
3833839642
6673166303
5601206063
6453670229
5725125176
6510476847
6578840925
3282003011
6201638665
6515303186
2342755212
5781759620
5378070165
5806508519
5915098912
2308493241
6541294695
5797387559
6335054725
5797450410
6631621554
5601220512
6330899503
6515049626
5704598408
2090721521
2609367041
2791751285
5753568171
6546735453
5779837342
6542642568
6453919072
6532386942
5795800246
6527643852
5779890839
5779829254
6541302955
6515052501
6541294520
2308031191
2353348544
6333491013
5902957794
6453677644
2291942574
5601213166
6638408142
6515056307
5795861603
5712348566
2134128235
5801227282
5801579088
5779522524
5574755367
5502216022
6325177287
6546732154
6610927431
2133433983
5578739491
5337058662
5753586282
6465027310
6505738659
6331062953
6578833335
2352729682
5601002933
3584397164
6515300241
6512379326
6230639712
6507033710
6523798888
6453677113
6514512366
5753198159
6330985758
5554857738
2308087095
5337083045
6631612898
6334043782
5600951000
2353935244
2930817185
6496996023
6324412276
2585476027
6513705328
2307938933
5779906746
3886060495
2346257432
5753297206
2568175335
6505739515
6578828966
6321381946
3247296505
5892401929
5320886122
5741740031
6542642106
5395143090
5741698434
5601212626
5797118017
5779424854
6586872714
6523499761
6505162518
5403870279
5755119634
5601019332
6327518032
6541303327
5337314259
6465027571
5915884217
5601018311
5753516825
5917102750
3176990020
2331221234
5904047636
2304344732
5720864312
5797396175
6530541644
3630994810
5732020321
5803870823
6513705381
6515305891
5337084946
5755473387
2358806284
5779443927
5880655731
5601020895
3116154142
5854401588
6610483160
6542340876
6523798952
1812103667
6505998720
6330174179
6199046166
3126434337
5656027937
5803938028
6523798904
5898539037
5318970930
5257294151
5517755557
5712275277
6515049058
3241464653
6003016017
6496996155
6503999145
5801502546
6327048562
2886605105
2307949951
6542641782
6603482446
5753224020
6515303882
5755113487
6610935072
5403326919
5601007809
2342692440
6532082894
2763545307
5915440528
6578827265
3607845770
5919556422
5485253650
6542339747
6546737605
5804281699
6523499545
6211029647
5753208137
5804300858
1983471941
5779546148
2805847233
5904069273
6512381870
2931194715
2495459463
2112933974
2349423854
2276829987
2196360272
6546740094
3710944937
6505733499
6523499531
5899729867
5709060953
5753645013
6465026024
3273918685
2713573887
5779616493
6496996111
6513705247
5902713316
6540410782
3261077003
6050209047
5282297970
2732874425
5753490353
5803890687
5905995837
5915460891
6496996337
5801136022
6532082717
2523778315
6540973556
6631632623
5600773000
6523798882
6513705159
6335151931
5716486927
2937141545
5779530719
6515303090
2332392552
3268813350
1941498561
6610940743
5915224578
2511965535
1799533533
5779706593
6515048174
5319956536
6542361075
2350664254
5779880194
2743429590
5342456704
6513728345
5798971897
6540972160
6578590095
6512352430
2298319104
2324015344
5713868236
2353519394
6243165751
6638403228
6523499515
5903807875
6515297395
2569615615
5346893152
6542360298
5601225925
2997269765
6547102614
5408021244
5616630365
6465326680
6515303616
6610958197
5903966696
3148212144
5904069434
6532082764
6540972615
5760606934
5796178321
6542340417
5719698949
6638416661
3478804673
6542359889
5166156288
2708335093
5253111066
6497227427
5797202310
2354249860
2343943110
5801581442
6631634681
5322455946
5327364763
5904069209
3120636807
6510424474
6542359806
6533143778
6532365967
5915448308
3478950022
6331649961
3201883440
2833026154
6513727490
6541303510
5937766539
6512378487
3211746805
5330236903
5470938409
5902696650
1807781881
2346656570
2314755305
6586443116
6542359325
6211016931
5715234705
6515045887
5346660428
3002019631
5906206423
5740214173
2975296807
2357284784
3166591275
6532353575
6541303272
5378278246
5601020833
2339928070
2460093755
6335031639
3039304021
3258212962
2837233115
6519204984
6542661183
6603483502
3167072101
6523499517
5337293862
6884692835
6209885096
6532021703
5749308249
6673212950
3311191675
5714059243
6033236571
5330252248
6335167346
6515296995
2312755753
5542872870
5919557740
6512229598
5801133098
5902712921
6465038330
6630980279
5918790833
5915872411
2353017812
6540755337
2156182963
3026540840
2298904395
5719714189
5551895751
6551700489
2708358397
5687255471
6523799010
2102388595
6542340393
6610952469
2313187435
6510106285
6631621532
6515047306
2021137805
2984271927
2342567054
5779525552
5720306586
5801489749
2563675881
6335061056
6538893872
2813494547
5986270604
5319396627
2945077025
6542642023
5468878119
2312669657
3319637037
2343346442
5779890183
6513704225
2825399013
2947104227
5787047596
5915195073
5709373426
6510425975
2552368505
6578825899
6578595295
6512232162
5712554848
6539101401
2737571343
2836362601
2796652071
6586478300
5904069166
5915664563
5801543638
6542643404
5804231845
2309925990
5797131137
6192343880
6631627879
6021402070
5779706178
6578827773
6547097619
6540972433
5779602927
3015509761
2804152475
6586471927
6512228238
5319657691
6465351315
2851190897
2358901940
5779804284
1994183577
6636805813
6630986336
6415384415
6542643808
6513460572
5917706691
6497227678
5258987373
2343017550
5915429393
5318719255
2345627904
6541302767
6497226155
3294377851
6542642688
6533071582
2840254554
6491562253
6631621884
2930227687
5798597314
6515304982
5829626657
6546737480
2319217157
3319217451
5601223699
5779708482
2210042053
6513460332
6523794388
5753564288
6325173807
5720171134
3026647041
6512473092
2328010665
6496412817
6578827975
2692467507
2513749855
5801590972
5755140222
6512466872
6233286781
6331663310
6330076974
5915901576
6093255590
6515298847
2355635120
2349283880
5779549226
6513460208
6505722436
6465032880
5904068899
2335470542
6523495106
3162252880
5913663623
6512216556
5779884971
6513706593
5804205345
5803870453
6630975144
6530986216
2324223210
5797132019
6532082976
5158061463
5905994200
2736189307
2478232807
6542641720
5779863510
5803809166
6586447334
2267220755
5797187977
5731956715
2353013834
6523794270
6329899528
5753622424
5918875044
5527562523
6610487612
6505994106
5337062280
2358065740
5902957246
2576405513
6542340128
6015036371
6540973823
2701207833
6545823828
6335036045
1920298965
6512141105
6547093245
6334044890
5913830698
2332293980
3318097054
6630965583
2508547627
2324228562
6533455864
5719097453
6603528913
5785266240
6490975106
6513727974
6542641761
6736444171
5759563072
2765069217
6578606202
6523494974
6525793308
2303202650
2531603437
5781742841
5914020231
2878995223
6533405582
6541302090
6523495006
6547098660
1906966997
5797164375
5312225040
6532424569
6540757647
6542340412
3490899945
5726182681
5915442333
6513704826
5648637322
2298276302
5601016814
2655618324
6335041875
5905991218
5797385064
6547097093
5311549540
6533470972
6540760272
6512379171
5781378925
6630284333
5194156868
5779918998
6497227296
2347786020
6540760136
5600989070
5511406545
6528921119
6523494932
6540973346
5915615836
5712529243
2046291401
6464514636
6515295353
6540755373
5601222736
2353874100
3179942875
6513704430
2677672997
6542642419
2350404980
6540965772
6530970326
5601012897
2357439092
3315413431
3101742602
6515299020
6540760659
5753206884
3098060020
5795856820
2354692184
1870508845
3524103653
5753284626
6532029381
6523494942
6578836369
6542339742
2406752011
6540755442
5872447750
6630994949
5801553799
5803860303
2325226630
5938159503
2350885300
2743026964
5915100899
3630602251
6547100819
3153497532
5803818659
6329794804
2338461902
6610933809
5914011830
6505737492
6530264297
2346926434
5714199529
5904068115
6331649605
5753589200
5779879671
5716540103
6542341457
6547099119
5720798390
5903807182
6530589404
3041719693
3608207727
2290729864
5741773776
3202206523
3205842977
5860065000
6526922709
2330601672
5720343970
6325164491
6540411976
6546733391
3290216245
6540965184
6505337429
6638389166
6523494954
6610951774
5318567416
5904068534
6541301897
2703251761
2230521455
5547051930
6523494966
6578826402
5860478073
5902712611
5801219710
6631634743
6512895378
5712495199
6515046366
5937773802
6327519548
5797329202
5755116257
6630997647
3481957563
6523495119
2342588632
5325632499
6324667475
5918696002
6512674891
6542341003
6528257914
6015469590
6530952105
6505994555
6523494993
5728393104
5552500798
5712286826
6515055265
6532362504
6325009083
6545493900
1897304363
5920102293
5937770357
6465331671
5601019927
6530663561
6753288008
5714119315
5224759847
6330186578
5753672857
6513481169
6546738043
5803875974
6505737105
3887065029
5904068406
2064274247
5779832393
6527507307
6631631834
3477768970
5378022446
6334032927
6540417244
2766391051
6610932557
2307322624
6512672619
6513706399
5327467496
3106361283
5725091197
2306944221
2287258214
2130709977
5915429960
2719065347
6672237632
6672257474
6523494944
5719777556
5319246413
6210426620
6532424325
5226506405
6540756562
3579152205
5796186747
6325012130
5741684768
5741684768
5210396070
5836633337
6610923452
6513706149
5903806749
6547097648
6638403232
2294299584
5781746083
5731755034
5318363025
5712186966
2298520374
2321740992
3845788193
6532424614
2338215740
6515052337
5904285655
6528857745
5902712145
6519504273
5801225099
6546740782
5796168411
5753484657
2460648805
2355698534
6586896381
2644918687
5915618961
6578604110
6023539309
5743124694
5904068232
3288819862
5861134816
6545494010
5797161343
5740339918
6523494972
6578826423
5579912813
5779622910
6505539766
6515048096
3153396740
6330189606
5902712021
5601013008
1109714397
2353771544
5806881308
6546732038
2183452867
5717354917
6513727356
6509947926
5797371900
6505559819
6540760366
6540965670
6515304607
6542643048
6530321508
5779589784
5918843783
2479545641
5917810689
6529947718
3168019540
2352112912
2111621475
2290990441
5588637500
5919762509
5753593989
6505738277
3479747793
3163043682
5957706900
6205529405
5712302690
2907409783
5902937965
3501965574
3257692191
6610939763
6546739882
2174627907
6497227247
6513481122
6540760455
2516804797
6227585640
2350762062
2343795090
5728648011
5753521700
6631618731
6542643376
6328091550
5801137244
6497227419
6610944972
2151423263
5860439785
5904068142
6586862998
2498592445
1711408611
5915611170
6540972960
2771134127
6529975732
1839200455
5234326993
6542340005
2357013340
5801222026
5325631961
6523794501
5367917111
6505017614
6530424399
2647707415
6512145054
6610914787
2780447925
5755131217
3277139482
5904068027
5797285404
5913984652
5807041329
6547098074
5232699076
3579733402
2351509612
6630909258
2775186741
6540758453
5860190252
6885039401
6330907456
6505997093
5398795231
2049883387
3063459215
6540758475
2350089042
2331570257
6515055538
3298524031
6532357383
6586878337
6496997403
5748006609
