2981164211
5061355107
1819369974
6274334464
1795995665
3860319836
5026968923
2841802111
1737360300
2771103445
5977541219
6503971585
6886129859
5455760381
3962667781
2904630471
6596820403
6885680068
6577283318
6170620662
2981164211
5061355107
1819369974
6274334464
1795995665
3860319836
5026968923
2841802111
1737360300
2771103445
5977541219
6503971585
6886129859
5455760381
3962667781
2904630471
6596820403
6885680068
6577283318
6170620662
1781843751
3205519790
2862866012
2644966712
5976163287
5036180859
2897398623
6332968137
6878553421
5409360718
6873945887
6885679567
3847338593
5053582383
1879142281
5848184154
2832378441
6090410825
6131031693
3764797310
6411640402
3066532663
5346415004
5215065750
5262465911
3805325555
6886178674
5590348468
1795154430
6041390122
1822527423
5920807945
2536381084
6664762904
5688184839
6020106444
3174912010
6885676095
6556527140
5049601495
1464204930
5810446568
6135111503
2521679957
5400070519
6710727351
5557410865
5236469828
3169716614
3592028365
6885651198
6438097535
5621395269
5081301701
6629525212
2314369621
5018406998
5596445102
5769939266
5519634954
1116125474
5588874034
5474865480
5755623818
6625529327
6321436086
3796472004
5728699860
6886010089
5656545713
1781258222
5543132192
6541564400
5683746717
6187832861
5390913253
6616851433
3625471164
3625471164
3184587700
5372134048
6348984895
2788059082
6581440193
3743244217
2501892265
6135176058
3742251304
3908608590
2826345760
6383788453
6282123748
2170402262
6159483034
5200703194
2289807133
2730061051
6886048053
6575358926
5492067587
5017888484
5742723087
6034362273
5586809767
6474741148
2805728111
3932771933
3806851029
6516607978
2368318162
3517226550
5264811923
6224694115
1868393540
6218563838
5204349146
3592345420
6558487251
6448814920
3711980810
2356565371
5310302394
5749466984
5482040709
3963423332
1877465810
6292481477
6315522239
2854332530
5136515577
5672633657
2630932691
6341944835
5692903670
3929026889
5583746239
1747939820
5043406165
6084466976
5307020459
3210632617
6613501505
6886110937
1780639633
5210349114
3679618365
3934577532
1773790605
6300137841
5016689119
2267004702
1956743943
6886133102
1890910673
3078534135
3206701393
3981684913
6438489802
5658764174
5282310483
5544608145
5354566990
5992765024
5846157643
5997454758
5789505345
6804224212
1998766862
2277228750
5788926036
5980336100
6209880021
6049544577
5695791181
1880751297
1789250611
6389575811
2419700985
6588825167
5381438874
6614005294
5469351714
1901705297
1551677340
6419026649
6349727266
3009730972
6420818693
2387832650
6697125117
5516615614
5948604497
5693676790
2363820772
5840067851
1915179450
6484588121
6590031730
6569781134
6817138300
6170937457
5265416335
6230647818
5242466008
3278477714
5546833046
6069859694
2949701583
1736970401
5364240308
3535304947
5548073399
6232187731
1952162047
5881164595
5714706158
5198145281
2080226531
2342412722
6022206691
2320977031
6379455095
1840339982
5345344608
6368280378
2898369293
3123656681
6703291313
6198810680
1748217203
2984789532
6298849452
5492134044
5546130187
6377753842
6399889523
2849831592
2072247643
5693312730
3301515695
2937949117
5527912822
2927216007
3982212196
5124268574
5724649852
6737134323
6227507351
6583414518
6288834210
6441931491
1944781062
5848876699
2261730464
3406225730
5262017098
5811323920
3859722450
3924841199
6750559719
6063118491
2889763020
1925885850
5245454257
5820987642
3839077128
5881745617
6138263259
5785022669
3198337407
6432740481
2650740963
2629410940
5948582853
2230451051
5885097246
1005526744
5883097145
6133715814
5442838299
5711451824
6885584983
5482181752
5242089888
1003803780
6381904121
3543762954
3543762954
5233540518
6759788605
6425235033
3178440153
5170783562
6290050567
1856079492
2708950215
3775458933
5207713469
5754086820
5790552375
5849549721
2143770012
5750119041
6027970127
1960777751
6326205363
1771217393
5372709518
1788037723
2873967510
5274375702
3306315647
2659105917
6625424697
6520149328
5140473090
3120289581
3120289581
6084636689
2940627121
6039994505
6127645685
6612469295
5399196009
6882151392
6418799309
2195724675
6072492386
6406326714
5165330256
6885404626
5459863460
2029695481
6885588207
6886070236
5869835645
6109546677
6886057812
6361613530
6317691155
3190649834
1933155433
6885580746
5223486584
6489283755
3470181000
3073449917
3257574834
5717986816
3853683958
6348940797
6741929928
5826029885
5047815297
2679818932
5343730169
5709572892
6770467657
1782768593
5520439859
2140054914
6179860331
6348707759
5945785408
6283287110
5786992265
5481769885
2116455607
5610188458
6700905354
5715112051
2521780674
5575266201
6062251190
5839950395
6738083155
5073247152
6083183570
5638723420
5702208186
6013010043
6011523877
6085366814
3802785516
5401746134
5253243600
5834729613
5936554967
1764612671
5667181058
3958428710
5829555535
6606908138
6322749578
6590136751
5977350000
6622498775
6622498775
2910255897
6272366493
6719503934
3824720203
6534738729
6595650512
6886061019
3193204165
6673988504
6626897019
5045778378
1039295562
6614736478
5941247574
6885565642
6885565568
6787834306
6660177812
6426464394
5359801741
5646480116
6885452274
5402925926
5232708733
3752559631
5720363072
5684105877
5286129454
2882238490
6623426896
5624985676
1830920307
1789781121
6886059481
6043280178
6885563363
6063527958
6578296138
5857577752
6625858246
6439402947
5489638514
5676075508
3224512394
6726445128
6791641081
2303896590
6450601200
5696873819
1756656983
6601986311
5312412140
5056844949
6496405337
6661275948
6311390699
6718190426
5233857291
6632615702
6054293835
6630362834
5268783240
5671500633
5612206244
6014750113
5342919250
6609173917
6621309737
5659400918
6010742484
6605957865
6886051719
6830316831
6833090223
6381322324
6628577019
2352338950
5808038275
6610327303
6590917197
6720716534
5613257674
6690749809
6558711316
6471321085
3436948290
6543744334
6822796093
5761090306
6445476842
6602594443
5782664173
6871556751
6645114581
6681167805
6885548934
3983773960
2005391105
6693162868
3483009281
6885550921
6100499245
1893515635
5301305333
6599631425
6885549901
6148556656
6886044802
5646132884
1034678311
6886044539
6122641764
1863131234
2632707187
6121688151
6654693849
3960708037
5362854071
5650669692
6597915329
5209534748
6422379811
6616290102
1957543573
1957528543
6651681875
5022863828
5869434072
1791838727
5073534388
6671659928
6182119290
6384946499
5689874205
6601834838
5095722055
3496578861
2956744561
5837798986
6886040065
6743977592
6618920223
6820700568
6885544158
5749062619
5734971853
6746113061
5261980007
5662886302
6649773244
6885542747
5644882223
6885541929
5702197171
6323391549
3217359442
6557634678
2231318954
5972354930
5124495256
6183691957
6635810518
5655632611
6038398845
6083653192
6599105457
6626928939
6484394759
3659651465
6547239732
5978027935
6617596867
6886032547
5881080326
6886028520
6656741974
6885536779
1581768761
6636694928
6375614753
6824979872
3190331521
1728213280
6885535246
6608529301
6620777331
5514273446
3209037910
6885534653
6020191753
5859205331
2707487763
2177873420
3656599623
1842717911
2714785471
5870251487
6885532739
6706204719
6880310813
6885337339
5752178806
6599755268
6886027648
6885532105
6885531934
6726117376
6378012893
5185136102
6661232093
2893780835
6515973166
2184194062
5889062063
6000383291
5971621545
5629974676
6884826078
6651878734
6886025122
6604568169
6058856500
6680621618
2374383727
1694050300
6346380480
6654734947
6654734947
6771390249
3686538923
6758204931
6653784848
2233284883
6885528066
1769448960
5997240830
1657409114
6754414725
6805060920
6739743236
3720106983
5230945559
6087259225
6598330185
6886020134
5613713648
5873207444
2783933125
6460612946
6698136165
5031047676
6745431941
6383042964
1526848572
1107184722
6621350819
6799473394
5698320759
5714704270
2425077812
6347817744
6014270484
5847116649
6611695878
6014886355
6130654720
1884019940
6611716885
6745120767
6641538797
3749571660
6287184012
6046017773
5299191557
6213092465
6420883199
6633148595
6102734429
6620879842
6648672753
5314517035
6750104101
6587082131
1815609811
5784916075
6591934936
6413316230
6698499510
6613273118
5096671694
5709522700
5770556806
3508789743
5647500819
6817212098
3927189658
6594384820
6365069428
1745443064
6594256845
6026392537
6886009343
2108582713
2354137095
5826421361
5616515649
5616515649
5143015143
6639651952
6817571438
6885511817
5541528070
6588078779
5513590036
2742399544
2164177242
5253297002
5731110411
6732071843
6885509329
6831065535
6678441813
6842935398
6689579708
6130877504
6629034550
6142656884
2678184117
6885504853
5147507924
6594333187
6885998875
6715043931
6698957157
5221122375
1049128732
2640667595
6815557450
6885499420
6885994189
6442906534
3500903452
6885389360
5884892965
6550997638
6550997638
6405976429
5239829653
5537197781
5540911432
6885494304
3936482747
5765487719
5600516268
6885493895
6885493895
6645884277
6753428719
6719471384
6885986749
1803398155
6605158978
6885986555
6621475926
6617824769
1772795472
6885983444
6591113486
1599765600
2727392183
6032917147
6885483397
1722057457
6634739520
5947320263
6744947100
6885974957
3030356065
3795966433
1858791220
5864495254
5482335991
3547025013
2827419093
6614623258
6653603515
6590815468
5415896899
3993335104
6816640851
6885473524
6885967596
6442905032
6747523148
6885966083
6706655294
1957956332
6415669815
5653726089
6435704019
6630497690
6561831034
6595662398
6304026785
6610892382
6101195321
6885958662
2972869030
5247218815
3580190490
6631933111
6683100254
2484660300
6675545822
2323782070
1828137273
6885457333
6080697139
1017675472
3300696131
6025156401
1630112922
6096598112
6885947418
6606552748
6178650634
3597580885
6885947452
6603678191
5948601800
5660869581
6097422738
5849239945
6491156461
5917772888
6068605394
5876985984
6096830291
6491157541
6492808807
6885445945
6307029336
5673015221
6082831175
6669148716
6885443452
6537041662
6885443295
6630685565
2881205444
6395915319
6885441076
6492569797
6033638531
3389786764
3723416963
6399024538
5254345623
6089547259
1777140631
6816267894
2219645444
5398615617
6641582594
6084880505
3839454814
6094419744
2647927831
3945004856
6097665553
6542307239
5331819700
6097406386
3801904934
2602230071
2234890725
3965090778
6492804563
6640107310
6885924654
5854262339
1664402495
6782974941
6089832784
5019058014
5638759393
5706898088
2014002925
1825659901
6542303366
6885924033
6596091120
5901271901
1784885192
5698170488
6068581866
5254544985
6604234767
6492569663
2142517890
6885426836
6885426712
6808152219
6799827735
6588837033
6542955497
5237053881
3574991175
2170224044
6675177045
6599570951
1573888981
5034346524
6734894931
2079647451
5551887739
6885916575
5610290471
6785217524
6864976875
6091983817
6036742332
6319060836
5185502781
6885419223
5836335385
2301808802
6645056634
6492810147
5612249534
5612249534
6612922265
5464616736
2911820931
1947608531
6885417782
6319186836
6610463072
5384763773
6882344494
6070932867
5913515865
5625451478
6444317753
6623698113
5756754271
6500546186
6489743448
5716016759
3161021503
6248008477
5229323056
6885910173
6112602580
6885909586
1736475411
2699385740
5760104619
5827481651
5827481651
6543072350
5638994888
1098401505
2214389981
6657665327
5570926399
6461963458
5900828820
6508420562
6069039641
6120924660
6607868086
3157791350
6601436333
6885408739
2356831131
5288488592
5800569234
5594993395
6542331403
6772817224
6542312141
6511686992
5215095806
6885407128
6734897391
6191169232
6020967682
5699677123
3115371913
6792227399
6639594908
6885405012
3148696122
5037428645
6885401058
5254346330
6759416663
6577719494
6885403903
5254543992
6460042968
5000087651
6008312951
6885399563
3883307495
6015963607
5985164927
6672977545
5613182127
6662902744
5672340363
6885395309
3784023403
1817545210
6687108847
6686212343
6194142272
5982239249
5638083285
5924327836
3914983400
5812672876
2935438420
5696462284
2664041967
6510043236
6599898371
6630501915
5717786793
6560586638
6492805451
6736486288
6736486288
6567080632
6625107804
5860065720
6675807112
3880701881
5690565183
6783423342
5501447551
5207517142
6505738536
2971624327
6398843332
5402522979
3676326960
6698077133
3774512431
6612629924
5223529528
2654613157
6164845217
6461970715
6885388374
3847294310
5513039151
5631547748
6608472555
6481275693
2370436154
6267524734
2370436154
6267524734
6607325920
6247102889
1907792683
5888964787
6036011442
3149511150
3965084295
5838368378
6671154801
5799824384
6368842644
6611925322
6684063822
6090654161
5717073847
5040353137
6883631014
6613450285
6698880148
6659968329
5492794890
5575878731
1774768833
5943638212
6727291555
6606039656
6278594479
6051027717
3805091769
2714586341
1857146394
1938811021
1896615835
2643247413
6826425964
6657177337
6885381252
6706952302
3721710887
6799435469
6074907265
3893843084
6884872499
5751787723
5665919916
6689854130
1976557723
6614437831
5310641645
5872336942
2878268650
6741991569
5184871509
3658475414
6223948862
6884869817
2105400757
5840237842
2297417052
6637693053
5334883372
6024180215
5428608186
6596657660
6616388284
6884868484
6885375659
6885375473
6617277822
6781886131
6086839553
5851855956
5985165477
6759452697
6659960599
5927493069
6884866566
6608236886
1937282747
6885372746
6744930693
6111163429
5466329145
6871860358
6667504481
6088190072
2273384257
6165965824
3185274202
6621045333
2128915322
5776343118
5173010811
5173010811
6742813335
6617850462
2662391281
3908086184
3672536985
6492894361
6884863927
5661070778
1701766991
3518206224
2257068590
3185390662
3970024794
5693898196
6626251633
5606514576
6094431672
2972845570
5714453553
6601820027
6600878739
2674049201
3152190094
5760363969
6713697925
1861283810
6736084201
2506340211
6326986006
6884861140
6605605484
6884860270
5152939567
6012800108
1927715891
6123565197
6759343109
6612936862
6323240799
5699272557
2704192160
5751743663
5145748979
6591469280
3316119824
5686317975
6492897075
6373217813
6873111013
5555635634
5979439655
6884857464
6596749471
5873213028
6097411776
6172822644
6740846486
1033801453
6088302132
5710652990
2518119853
5640564281
6884849023
6420403242
5763298509
2871954592
6667541312
6533524030
6866998576
6863117822
2458207157
6602765228
1781847340
2055120107
6600884876
5443434224
5178421145
6195758152
6885360925
1635589361
6080432382
6530964073
1815107203
5068653393
2230686433
6021778222
5840118380
6488798715
5205135383
6777977717
5309079940
6421054087
6401465611
6514275920
5999207321
5540214278
5219957484
6884850902
6097388991
2362542267
2409923865
1778741731
6550652747
2887336094
6097356504
6605600584
6664829433
5071618067
6621341724
6418106359
3936702462
6568620717
5039068293
6787913565
6052645244
6520569377
2089133243
5163363189
3607314512
5663278946
5966084081
6429460993
5503002974
5182914322
5381118942
3876738746
5452074340
5967020573
6093931345
5654086054
3797132757
6631918258
6792897239
3968442685
5982589064
2388913084
5869291180
1217686691
6884845146
6884842943
5802422669
5625098272
5860583692
2855684294
6815426654
6631696518
6727253277
6317192062
5852703513
6787809114
6035028066
6822903354
6490988952
6627371804
6385879592
5696655358
1724651541
6032543687
2928824793
6607232624
6367779335
5150886143
3003563971
6020427290
2735382943
5357490623
5846388286
5938840687
5254826394
5751753167
5827943239
5747080506
5515126913
5363717079
6615305278
6447522466
6568251113
6734581071
5976338101
6698187793
3098910103
6885348679
6647275325
6516774310
5234630739
6620305705
5544382536
6492803045
5453958884
6801885410
6542636390
6620351603
6610584342
6556698286
6159519250
6782933498
5643688858
6084051871
6756507555
6490798792
1732152301
6819152469
6723873808
3987461277
6630668457
6494705466
6715517726
3951983036
5880462655
3881403247
5616958502
5832267407
6377473513
6314274135
6188612049
5258089494
6542628950
6796137717
6610215023
6616525786
6884835494
6187330532
6510214635
2387865291
6598731871
2895598721
5967542233
2787348051
6434938800
5046884021
5847405995
6585040237
5850617508
5233056782
3494638434
5241098295
5518473572
6492990957
5674313788
5662700965
6720076689
5914052400
3798257733
6096831149
6741323914
6600376391
6556757444
5861570759
6607658178
6593188753
6616711041
6069602364
6542664542
6764204042
6542361701
6538421293
5711158933
5654719643
6884831121
6609370103
6517625015
2810904115
6765792805
6542628117
6773330747
1749615831
6884826512
3956921097
6719991330
6885336168
5812126256
3780630083
2652053215
6630128225
6514969639
6469033537
6567071748
6684607236
6729639494
6636670741
6230764088
6277724334
5188026379
5176443833
6801927652
5285841766
6411155564
6492574969
2936599161
6492575986
6884826577
5635533320
6727591041
5231406268
6863914373
5600069674
6885330434
6602132663
6490890241
6826298714
6542628857
3319214911
5599264301
6638433388
6593748850
6611543411
5995072158
6542609520
6664769010
6416498712
6542606215
1742777201
3673554795
6666620839
5861131501
6817064162
6508261949
5677213960
3896948110
5533259045
3037871592
6542364053
2439836613
6590761328
6542325438
6884808799
5678058491
5678058491
6026810786
6728759968
6718144133
6000031211
6638465532
6490893346
6606221258
6656569022
5730672476
6825221537
6542695852
3858648510
6616875289
6542360047
6868381257
5485320505
6055882885
5140937766
6782342795
1809455787
6667661186
6753592266
2583943090
2807697390
5193041535
5139829111
5803733712
6884816678
5602211735
6223234309
5930942084
5899920942
3729747460
5628448639
6784302967
3008579701
3248889020
5858694256
6884815242
6542340358
6650760051
6605681894
6885321017
6584822730
2049865391
6543018026
6543415893
6885322105
6376650875
6346150638
6720557163
5833690368
5885011218
6492812721
5643128910
6168301600
6885319668
6543275601
5269871392
6639656552
5651662447
6054163111
5449557788
6296145208
5287499612
5999593820
6651815287
6371349837
5186119265
5586410168
6720968651
6884789786
3245966413
2982544197
6610489397
6371496864
6542655373
2639022937
6607416785
6127465233
6588896034
6492813798
6619622749
6543792687
2270736810
6433097130
6543378298
2949287132
6577660823
1804146915
6884806040
5332751390
2783565003
6508969136
6600526066
6030446922
1796741300
6595429571
6885313788
2085669852
5974029510
6611440337
3263417772
6746063631
5681832456
6732470027
6732470027
6053985642
3914343498
6263243921
6623288628
6798247818
6498415738
6587234411
6738019049
5617691712
3028215931
6543308822
6492574434
5979055626
6178737980
6543376740
6600254325
5855852871
6379672268
5716290234
6885033521
6720132286
5659295207
6543262115
5852473017
6039418856
5531701973
5847686074
5949343095
6543290306
6884801687
6885289598
2771077201
6581198840
6770423811
6742797005
5139449565
6623780131
5637412849
6524204773
6543005822
2964463314
5745081521
6720035337
6559886735
5701049975
6632499558
5595486053
6543251191
6542958142
5055860541
6884785945
6609463114
2901922013
6885305883
5659542376
6534163837
6493760631
5949946934
6637324147
6764353293
5958521557
6588980627
5531546177
6626110294
6542942275
2655325381
6492808518
5494699990
6395932682
6542992426
6630476067
5992961919
6492572821
5238146548
3965081728
6562295788
6326126522
2647459284
2002074202
6744101421
6204053874
5388025068
2012848893
6881355691
1945627013
6543262692
2608499211
6563505936
6611260745
6620206613
6038099430
5493751019
2518112747
6885301775
6630421892
3983414447
6542964750
6453100180
6883491052
5216984332
6785768220
6573169137
5120264609
6631507401
5696841492
5637225361
6615325396
5942211258
6660831560
5173117319
6618789380
6753001405
6885298814
6289004030
5743074451
5245790079
6621547136
6485978960
3041282994
6211592737
5062971936
2313545364
6736288599
6542966995
5055507069
6253408638
6642562204
6642562204
6625466830
6793917573
5425171113
6543258777
6621442426
6195440007
3984900028
3875189025
2159243115
6730795941
6582656157
5940519952
6626367511
5531861719
5825025160
5795489245
5700227767
6735229818
6594211715
6885291126
6315972315
5976984041
5597033852
6750589474
6799748967
6623565384
6627790887
6168299389
6885292268
6884783819
3989091236
6037280901
5253367454
5782823025
5557754572
3315091697
6570449345
3152436150
5985653777
6627058243
5483779560
6734023130
3945008458
1775233947
1659222040
3984920603
6716717654
5995869062
6048177572
6048177572
6071504855
6295131267
6311929998
6885288672
6744696106
3808575651
6885284041
6660238918
3636164730
6884780148
6725070137
5904742591
3971391180
5540378815
6707307437
5254316888
6589718238
3945014297
6837291726
5729589970
2118750300
3964552308
1823249745
1799459591
6884778616
5049322343
1920417407
3284153227
5861101120
6885284770
6884774075
6618096852
5688421528
5476803931
5114537354
6885263148
6884771256
6610211210
6610211210
6592606714
6745271258
6384431935
5254574470
6608799928
5985514635
6490628248
5254578967
5287401720
5593338488
2861140480
5763813649
6605815188
1637773491
6089232590
5183335834
5653344535
1744018553
5717685438
5883151460
6590322111
5686987582
6590258089
6031526294
6019764750
6602637700
6331692786
6599648691
5294955160
6597999046
6736910500
6740720708
5820310392
6885141985
5268818840
6639501480
1855077081
5175072652
6885276653
5773607323
6747230007
2172434170
6737369456
5644507829
6032762823
5575748238
6605744778
3304339895
3304339895
2836512151
6052781053
2552459711
5608767516
2697126647
3163879364
2115597024
6884766107
6629865036
6806492841
5265704884
5091375594
5211985899
5686746956
6550470775
6669239081
5796973416
5719990799
6596538526
3128558793
5995688572
5649076899
5238020323
5344799109
5597695259
6573274007
6885271640
6612177293
6811882611
6124832156
6614021626
6617186906
6283570915
6885270000
6087380447
3798047205
6884761500
6520476742
5729200685
1720855083
2742788437
6269315964
6885268823
5267115556
6885267428
6574166235
6031729095
6617277547
2798593010
6050973827
6051181656
6704392163
5035646808
2467072017
2789349765
6552629491
2351470952
3513536321
6084198167
5484407155
6762236302
6809312868
6331270569
5653205542
2284646531
6463520702
6622981942
5254549409
5873118351
5854204315
5605401159
5484083401
3829546066
5860238560
6884728372
2146867582
3860383449
2557242900
5267116251
5316008028
6616830945
6089208366
6003968296
6638281920
6879650504
5688597676
6593697561
6884752851
3344033532
6633069279
6824934470
5326416272
6020407049
6089237261
2725834181
2841043340
5639368894
6610645638
6142577430
2713241935
6885258830
6701890279
5955294146
3697726757
5838329246
6824496751
5633513992
6711058074
6615424992
5839682642
6330245838
6685186410
6649459726
6084627000
6093580028
6632349866
6718190903
6397707702
6594083816
6051231313
6089552536
6051016851
5379529861
3929954946
3297305531
2108489020
1662378330
5675765482
6885252044
6814295077
6459441948
5716153427
6591643816
5638444848
1782840183
5329480833
6086870675
6640758248
5578364340
6425966004
6719138335
6085765899
6884737265
6718793949
6379189633
6674838206
6885249165
2610370410
6674794889
2490262342
6246364135
6051167085
6724292749
6649509009
2952632240
5776833294
5109067556
5271382900
3494820580
5483251337
6598434679
6439060606
6630510549
6884739051
6023475935
3288771050
5571830054
5268004267
6885245754
5913589308
5533044300
6024180967
6124292238
6024796837
1768945180
1768945180
6632549124
6718244211
6086838404
6080701279
5948818797
6654323325
5511709634
6120726415
6615356939
6851938411
6655738724
5473208143
3291785981
6041849933
6640726522
2277170934
2796479441
6636209614
5864260958
6273859353
5717903449
6617884320
5462524808
5039979018
6090601767
6747317497
2156282441
6509018699
6443883575
6549800893
5878794050
6067027824
6085130801
6821771359
3320901023
6001302855
2632072303
6664538157
6507601775
5852408800
6004410332
6473664108
6108121139
5949463587
5505573863
5849332819
6618991254
2816708783
6614000098
5449031849
6593210073
6602106044
1645349097
5100119322
3570419421
6767180259
1831560002
6604697034
5883383599
2807132920
3192758532
6599347992
6606113311
6618070697
5583663949
6602208789
6088195027
6504843529
6686961533
6603794778
1034596803
6631098004
6885232765
5346406348
5757615251
6686459216
6569217121
6741327712
6281083945
3279991431
5874133281
3979695641
6503289993
6885230507
3921344523
6338368503
3742774213
6090603231
1932050117
6633178449
5875567229
2142766960
6884721643
6507387333
2492005645
6784523957
2824145783
6087068182
5666174611
3298940000
2792813425
3942647767
6701607504
6600780735
5768369216
6870454511
5319280338
2830278007
6500224520
5275989435
6603391476
1746363534
6481011493
5596518940
6481011493
5596518940
5597660227
6656305217
6503491216
6087845205
6150918839
6503286030
2349382765
3689493874
5316734874
5207736696
6006645859
6884714301
3556052780
6884709590
2015058087
6816402420
6592927213
5925501056
2670226793
6639660589
6885220577
6879025195
6684559934
6599466777
6824578514
6880857835
3201274912
6101709188
5370894075
6884709690
6091905923
6503518224
5020784213
6321733786
5023160245
6690012349
6080093935
6884708909
5655290542
6209912586
6630992633
1954838871
3104318020
2261931991
6087841724
6856218920
6087847019
6786130122
5609211430
5527341977
6419743493
6885011999
6702955784
6747158109
5473230606
6885212028
6069635960
6586418134
6031039754
5891121814
2766255621
3425589880
3293852135
6091918555
5765124058
6884703807
5590796621
5384407291
6793578881
6388660925
2724758371
6017213581
6792598682
6094425184
6607211242
6601895162
2696129525
6091935355
6550888718
3368392272
6703770152
6096891440
2930588593
6095103445
1820288784
6612991061
6619739312
5532816379
6653395521
6702273873
5686673148
6097652092
2125987600
5776606441
3697496815
5897851855
1796014593
5934069849
6091691100
6884696450
6787701525
3723798222
6783691315
6783691315
6885200968
5184679055
6692972006
2267225255
2900998305
5217381717
6608787425
6387894334
6293796086
2170685820
6369042705
2904034405
6068580855
6701801217
6020011442
6606167949
5856093189
5663940002
5669259457
6602596215
5911050038
6465743540
2100199722
5649093557
6605149839
1715820114
6885197477
6604696601
6550006958
6550006958
6884689345
6068601559
6609311713
5743210869
6069607663
6602607037
5413034294
5888028004
6750516582
5899586816
1871847593
6065655019
1787855631
6884687150
2646618571
5737285684
6568274404
6602598052
5227048327
6884686370
6069641861
6884685821
5330230177
6877727990
3217698535
6459279750
1007281534
6614125299
1641537045
6884684736
6213055230
5662066188
2341600834
3030867104
6884680107
6318044863
2826971487
6745103471
2848049983
5092380711
6621182399
2319453410
6885189144
6069633384
6593299960
6602121306
6240658194
6097650159
5996984918
6069599536
2765489297
6666613067
6884679326
6627400227
5671434858
6592221319
5482756746
6157330389
6082542298
6503279318
6082569221
6742915025
6503524860
6803185029
5672410833
3124992341
6817074325
3895928315
6647292428
6097420559
6605609362
3115125963
5525543215
6884676325
5928358643
5860179852
6797429666
5489889709
6278515362
6351931556
6693627050
6645925045
3722018645
6881894767
1993477135
6645209179
5816358087
6450994233
5902473068
5902864748
5960726218
5238945604
5970368856
3206779111
6205192254
6034245649
5920331786
6503350109
6255909529
6605625000
6751512269
6753294523
6125780039
6623657947
5519099674
6672614252
5958125965
6718791188
6097596769
6602727567
6097347715
6884670560
2807353187
5875638435
6097608535
6574723211
6615962457
6827679145
5384657475
6616001036
6097405720
6097677239
5625783705
6885173838
5908322332
6604202282
6069588704
6443215065
1751804887
2078742061
6494664476
2881798242
5500326462
6653458080
6876506628
2681060502
6716595403
6097658283
6785861571
3785968561
6494178124
6069657155
6062610281
6568448207
5030616581
6785487511
6190102034
5677339409
5818846104
6592959518
6567841887
5145485761
5749662129
6744418044
5627767372
6665572810
5220204727
1836809230
5327206678
3755158601
6603876242
1886801893
6620706368
6817620271
6750860909
6069641631
6401544293
5815940097
6633184813
5676345932
2629668551
6294107832
5172315099
6068555956
6427662378
5143359440
6599097525
6885164509
5531486452
5711449480
6772616421
6478815633
5827762832
2142802762
6139571345
5649029809
6128078267
3700402702
5718201018
5866545972
1961798013
3194759314
3612698433
6885162389
6618281310
6068540041
3994374263
1738417414
6625494549
5861407027
2752364241
6095910599
5144987072
6534438517
1793095724
6673384001
6538424060
1794210495
2132969930
6647368042
6885160920
6492746390
1797730867
5848328873
5558152420
2534689234
3742437064
2469964654
2399588005
6567844214
6602184363
5681059801
5650937738
2155325781
5770584181
6216624630
6216624630
6645777101
2864730110
5940237148
6537008307
6885156621
6765207777
5664381358
6668268622
6380891837
2399849397
6490928461
5794049872
1851026592
3716353353
6279047312
6631014521
1774339924
6367110671
6537968439
6069591784
6613860030
5672148166
1837972691
5790618731
6782498580
6604402131
5993364793
6068453963
2134466807
5660920374
2896386343
5962932991
6205745873
6743781310
5771612423
5800026062
5124945358
6357923680
5827918306
5890238189
6612187001
5675428740
6028282306
6884644381
6724344899
2025627397
2330305270
6365393231
6884644029
5625612720
1970406711
6586119925
3890096540
6012877463
5977418871
5032188195
6616858289
2533257442
6069605989
6069605098
2044289987
2186907155
1662230641
1865283262
2322410364
5657725984
6206257733
5782880372
6884640968
1802410041
6068548485
3704982443
6619460271
3291294510
1961242561
5927925141
1770064044
6451789114
6511727961
1734464684
5599334455
5253898675
2248728564
5820031537
6133519635
6591463510
3976794987
5238577484
6689747632
3949906524
2994976992
6884638743
3514437460
6884638749
1725410681
5951992783
2463077802
2675547050
5949754070
5118659610
6509103678
6068542789
2003498255
5635355013
2984149332
5775943757
6039085398
5776332304
2281817405
1081554700
2879033430
5488041148
6627163131
2369429012
6519800199
6560131812
1807091443
5259529665
3132813785
6831983854
5973095082
2007446875
6019211059
2210347361
6691989746
6617358657
5155881650
5356470958
1978805625
6769375224
2660468962
5648856463
6527468936
1892209704
5684579422
1429155210
1724078241
6885138900
6661759808
5635881358
6593106952
5820233891
5948700189
1854727001
6664618328
1804767591
1728433682
5391625221
6067947594
3031617625
5767618715
6885119381
2651380841
6877428639
3805399912
3175600373
3269416253
6884626418
6564630191
2386981580
5993294347
5782610628
5898290292
3300865224
6577547531
6577547531
5889196943
1570452815
5663448520
6592618267
2260548743
6434561185
6089249408
2815724061
6069588912
2409012951
6639436455
1709986000
2294950734
5795210648
6062486408
6810754386
6083835297
5820601518
1593535980
2516205724
5298225555
6884605964
5908064916
1691928300
5054093803
6409294600
1710973124
5776590315
1764033101
5516636704
5496102694
6867242127
1761834594
5013892272
1750345164
5994499001
5609994704
6253256918
6742346115
6515673371
2768552923
5124280964
1686829454
6012451096
1824758581
6884618039
2036651860
5789070752
6173175341
5321349337
6223083932
5305225797
3493272150
3273292014
1841081713
2653263261
6740971918
3962148275
6551051230
2700117574
3608049987
1764318352
5669758103
5392887724
3324594442
5488042767
2322469712
6513660871
3065947145
1807729344
2624724867
2618484063
5293577689
6026285803
1222608341
5514996140
6673150822
5887549928
5776460587
6804588957
2625353157
6086921027
6272607810
1613603542
6742793644
6027813324
5777704540
1929074120
6658304301
3477778304
3126726877
3225167955
6380370472
6345874496
5331208016
5780712903
5780712903
6033163127
5308824653
2874996910
5398835395
2517566884
5320387756
6874035671
5782866553
6885118328
3509416632
2635180677
6867296603
6019113086
5773132871
6885117881
5037550123
5773133505
6243473914
2843216150
6587534079
5778289348
2337424497
6864036830
6669204724
6884608331
5235908088
5782863739
3397069212
5458204516
6612910464
1774867394
6633134013
5522230132
6706040807
1693964854
5776726668
1785074971
5670786991
2893726217
6035716979
3731319292
6624246699
5415200492
6519890008
1890361042
1954517087
6702936171
5780050548
2217641404
6786312776
6166014545
1790085603
1015811843
3571808880
6651900712
6708611981
6023484382
6098867948
1639159150
5664834950
3187116244
6781883017
6572429031
5776726728
5775893167
2927656974
6513839551
6019657700
5822071424
5780658744
5856318270
2330149414
5678334651
1897518097
1911972690
5342663791
5881736446
5544150588
6447609386
1774492253
6462484669
3271838693
5314441736
5554456631
3966436487
6285445473
3687009553
1601873072
5840064800
3813115820
5580683498
2360440882
6738595041
6628956893
5776343621
5827949013
5165603168
5776335025
5888827742
5023720178
5677272413
6493256627
2691753643
6791733235
6764700321
6797217600
3625137815
5506999970
1168530880
5777122152
2277286872
5012487387
3816256749
6507900043
1846492931
5679115945
3893603160
5776340795
6346731692
5776570566
6684460702
2438792074
1775845447
6604008122
3815457373
6773647335
2604620517
2501598574
3570427324
6796744340
5776589481
6593378563
5472651727
2921098983
2921098983
5931603158
6586348831
6603605316
1947502844
6108027534
6885060189
6439018913
6572916833
3845373801
6885100854
6583215107
6000450611
6142803839
5679795700
5777368173
6690674007
6884083758
6605498252
2854390035
6884591529
1799626924
6630800210
6050667434
6020385081
5738332823
6621598998
3165644880
1676722793
5092504202
2702457993
1806606164
6446686895
5771094388
6421454657
5516301724
1950862687
6884080006
1855992343
5192711739
5899892134
3952763274
6392261961
1663871470
6808952163
1960188612
6885067194
5795121546
6518184327
6518184327
5097632551
6721513703
5812863035
5082532029
2960730567
6884587597
6313845383
5147513686
5116459600
3046231181
5819007048
3626892657
6885094249
1748302712
1714298587
5332310958
6766469601
6601268600
1916703345
6884542567
6880157345
6614618757
1909966093
5145504528
5792657211
5599192581
6613938042
6884584142
1768114604
5690492233
6882507348
5832601974
5872036385
6083923175
1821363100
5085323599
6089212537
1728660027
6621247665
6091921157
1464646491
6091918747
2706989697
5992643968
6021820570
3663798895
2701234291
2643310735
5140573873
2344162845
5792211167
1789998813
6096609919
6096610690
6178226628
5292971351
6885087870
6221726250
5444614887
5235033556
5650179143
5849186478
2657163504
6676278329
6413536198
2712244092
6091719011
6030210051
6885085912
6084701211
6096819118
2102182907
6273058355
3589708733
1058177877
2177580875
6885085398
6737322341
6039104113
2878998652
5224641769
6086753546
3189043534
6884575843
2396139827
6380275084
6093816195
6599773333
6069519575
2580764097
2625471340
1022419842
2871058744
6083247355
2651461824
6877562684
5703968692
5888351508
3739779591
1659641874
6794966612
6004559880
5842519260
6872398476
6420930907
6096869536
6021655334
2375210710
2949445404
6884573325
1422205725
1795345387
6071726777
5672493057
1851082532
5234370425
1745797870
1637183681
6872961858
6542399735
6502612980
3603049751
3916563637
2715463465
5887658453
6850907588
6099638588
6626405758
3420357584
5852567312
6084771090
1725196772
1931920235
5641100236
5263216688
5308062468
6089249724
1927720741
6078008530
6553079257
6096636763
6752952835
5424548777
6716511008
6768715218
5716290585
6884570167
6480104187
5964817946
6666664114
6640753921
6856426240
3231708960
2989986950
6595960789
3043540483
3043540483
6351344829
5502702173
5230613975
1647922990
1104692264
6266803418
5772849197
1645457150
6497194885
2104118601
6497130982
6615727728
6381406825
2253543354
6032326138
3584404325
2093756330
5656251166
1972019493
6137514714
2399179255
5976033971
5509367093
1395314527
6720799930
6867030300
6233831630
3757102077
6477625138
6594519466
6632161402
2387068315
5851991499
6651699926
1429554210
1849775810
2893305337
6885069309
2923571461
3774122091
6859077840
5675264220
5822543757
6509655731
5656956645
1015942330
5853881103
5902500509
1642638252
6500076563
6594491281
1827609985
2689795895
6561794810
3832863245
5743136685
5975076646
6613433295
2171405267
1882523325
6229216729
5999176508
1735657692
2778078025
6325587330
6645430602
2390676773
5153982339
1765617213
6642655962
2266041701
6104594052
6497194707
2098505462
5047543524
1792892810
5977397650
6634695174
6070645996
6884552943
2215203754
1726085673
1698605924
6500438268
6303101633
6884236895
6602005378
6071012610
5854698473
5456325192
6885065792
6500110530
6039171001
5536475276
2067170051
3963810444
5074157252
6497418271
5483830563
5906114319
6596626237
1010409647
1623405893
1830302065
5209259637
6453749322
5854360444
1737124212
1970506565
2789509431
6497133027
6359198625
2668736430
6572336161
1750312602
1997864535
6192773130
5966743420
2243431141
6409411458
6640830466
6693470241
2740198827
1957247923
5626638727
1913164634
6671647669
6293133395
1844771840
5866822364
5711357929
6350180625
6763834887
2463088742
6554991264
6885061037
2013346854
3558490194
1595931854
3086244263
5117854660
6614518730
5506816419
6678208222
6494664683
6087385165
1700952545
6861511961
2470879663
5539462589
6613297629
2208782820
3181645940
6592219858
5512360100
6485601404
3516366500
6623229623
6497117305
6657279715
3110062634
1781457077
3556016837
5907280323
5705104980
3802927145
6228170244
2418429672
5116241567
6268727634
2186348061
5141853040
2683238875
6597894980
3990112383
6179814616
3816428693
5045504150
1862897082
6459865063
5759508972
6596056590
6361381172
5824754440
6500323067
2496165527
5128592226
5693123245
6885055351
6588039772
6505474542
5273289329
1780009992
6497200441
5652211915
5677494510
5461243921
6618191500
1877601863
2698531702
3184859222
6874697651
2189723394
6719126179
1408635223
2816411271
5979372801
3772332391
1850209323
5809077778
1698374521
6596090997
2143880232
6397391773
6885053184
2612410901
6500104516
6500425152
2051901037
5378589570
5852227548
1721371775
5537178045
2010674925
1773495777
1994997013
1960347447
2318944034
6650737443
6592401702
6831975149
6500303392
1970149463
1951191201
3910478156
3810774022
2668184341
2606821935
5592658254
6664244392
2941971787
6692204842
6885050323
1809838143
5484361816
6884542348
1793329524
3957342126
6012517272
6593488766
5199494975
6644255421
6595976157
2406620332
6884541418
6112748965
6885046559
3609420403
5826320225
5444545066
3554854865
1967018981
5326392491
2022448475
6725146832
2248829930
1855693281
2122768831
6666607026
2702373480
2017954301
5782652663
5775068320
5669932513
5686738207
2934283444
1824757023
6513391662
1935974263
2849798397
3190836140
5494675389
5690870284
2620275943
2991090795
6735156869
6500308781
1761894805
3883150574
6079912688
3189717000
1308417292
5834913455
6884537960
6885045576
6704753121
2307670713
6433780413
6739779124
2206765324
5904302638
6662305952
3215280734
5868543538
5575392123
2933787077
5175469556
6500211672
1799232632
5964275796
1784462215
6038364322
6605034916
5970599413
6663287139
1743880700
3167257172
6601146648
6702081435
6882250661
6183037895
3363349864
5619977014
3916774832
6226761574
5512834083
6739514609
5552700986
6500297502
6788809049
6737514243
2927553707
6629870145
1736212623
6732505716
6037890045
6207698780
1960305485
6673182313
1848875035
5348132867
6742051887
6884534177
1975014655
3563623440
6611114307
6885041629
1771164784
6636488356
2284533154
2155887960
1823614880
2243048201
6805121136
3503629143
2770646221
6630252816
1732258171
6884532710
2389509637
6379426366
2700434704
1625239621
3318944087
1955982762
2529530681
6597877312
2171071423
6573226831
6381045351
1834260205
1957634235
5587846900
6637670115
6180386642
1783809277
2589110261
5720059626
3085985485
5669905057
1933118195
5833015638
6795743860
6022395441
5754515864
3012215473
6549726251
2942994385
3607728911
2965200494
3313250605
6094262138
6302015144
3309726051
6857589304
3796801187
3314071223
1689917871
3196196781
6721331291
2628153411
2015731933
5665236986
6020174110
6091014294
2162852193
5601661238
5500972030
5059128868
1922438040
2892913772
6592349080
5239892659
6884528076
6500277570
6073496987
6262601089
6549131246
5316779267
6435408252
5090209003
6885033884
6013568082
6673206535
5170514500
6769273917
5917162081
6885032821
3157019882
6595934022
5674501856
6599322411
5177492972
5403136374
6884524187
5821674387
5450061788
6127596473
5636188020
6625584900
1784491695
6017622432
6432880697
5471174659
6119706841
1953325375
5849182082
2023516897
2352643951
2865691890
6459337335
3616215084
5535676383
3390982842
3828370700
6707300610
2049645581
6620677404
6601984091
5319022033
6717764081
1938679383
6884519929
3463901340
6602468176
6030840077
6440484461
5955064098
6595602707
1923296477
6603472717
5508477197
6597982046
6630212222
2302531222
6595561167
2802909262
1706709114
2722125631
6595525168
3737489193
5849900279
3941001379
6424044943
6722214349
6690901438
6500436863
6594817702
3324328574
6616975665
2660802943
5853637738
5694226670
6885022923
6108212575
6885022399
6213316486
5852283464
2267389944
3472813842
6601070551
6885021767
6728968347
2182209507
5338391504
6535410521
6701427633
6068076649
6327708624
6591831932
6575591386
5494104639
5585028638
6624560516
6884511746
5106311965
6885015216
3552010147
6885018771
5812881639
6696855830
5599754773
5949919922
6563498343
6500531631
5611930572
5997958172
5792401388
5670684570
6616178729
1792835162
6504430328
1738918890
6885016306
5730980851
6564081145
5822390037
5217350772
2942568195
6885015439
5020613693
5822847743
5621064548
6884508334
6868802049
3085269857
3201037922
6350569029
6844987859
5821278079
5818918094
6795314616
5974166168
3044786577
5960600952
6885013336
5264541729
5615865154
5633111669
6627742938
6574313489
6609173416
6022592127
5357432873
6399283340
6885012190
6885012190
6182864430
5795275295
6743776712
3796846315
6076215594
5566565010
6593130917
1768422624
6685672394
5984185235
6539952798
3285849961
1766136837
3081162770
3606593031
6884482496
5862262021
2498317563
5876652289
6419564502
6014121288
6584286262
6052450273
5144479647
5596399603
2001487943
5976842705
1365769922
2123448705
2799819045
5820878593
5824994016
6698690850
6795202103
6865391471
5586483376
3753923951
5101744491
6885003663
6562898135
3636593281
5887796345
5988227155
5912005629
6499093138
5649038207
6620064578
5447106524
5489772664
5933899498
5863587297
5206890688
6634251409
5774446463
6623211720
2098788753
3683567855
5645241336
6601639258
6746836677
5891232341
5826129146
6511159284
5023142177
6884998845
5724615737
5729529801
5724615737
5729529801
6682679533
6681558253
6583728239
6449161580
5615409331
6614134540
6681711686
5819147322
6711905823
5948585875
6596737358
3545550655
2061588535
1202037043
5730124019
3563779880
6594166477
5100401202
6603905312
6092314628
5683428491
6884485657
6581320378
3279930095
6035910665
5826320554
5035277497
5912105946
2946243150
2007602821
5826302292
5177345138
6877505629
6630257218
6693855243
3769737684
3222208830
3241136082
6633265166
6509698590
5790724655
6400205367
5183649742
6884989673
1045121514
6706876133
5948258813
2322913952
5473904102
6011597732
6082215318
6596583902
6785453831
2109994777
3744047635
5177928340
5770130336
6023303020
6339606619
5336641618
5128392819
6596557525
6061097758
5195899199
3860514373
6884476009
5991686369
6686045945
6616922555
2710894035
6000403042
5949427227
5709930241
5747915894
5111893185
2113673771
6442053338
6884473576
6595798990
6596616180
5264676252
6098954164
6276776867
3914839963
6660243804
5219669141
6271878313
5940076094
6884471507
6340191320
6500292590
3518968785
5834449418
6263401033
2145188811
6778058724
6270171446
3053374254
6823243241
5790549119
6142951391
6321606230
5149204580
6884469006
5633590621
6399391431
2644234053
6884976070
3615403514
6189404291
6323575309
6597089632
2213881355
6661151689
6543010827
5995050046
5274043337
6884466612
6603487627
6349556112
6500079517
5236936472
5255406520
6596579086
5246252187
3227049193
3078540447
6825611723
6367646074
5754291940
2931121535
5321234068
3959623905
6403631623
3590444191
6884462446
6699777898
6500079064
6882481728
6822218984
5551868867
1929407711
5911901531
5231901163
6296799948
6104726032
6513313647
6596580793
3978094175
5661627686
2503642452
5191988318
1014686091
6461540917
6452964081
2975496784
2596528612
2945279973
2284382372
2392504843
6884458139
3011096795
6884455432
6497142364
2929628305
2843176255
2705758537
6383953571
6597170718
6816661757
6443720459
5678511020
1990976137
1784390111
5020199045
6468740219
6884962020
1104510100
3919429430
5627756735
5092315816
6747656415
3748004123
3300385411
5179613775
5635586944
3670735385
6884452308
6884452150
5870000750
1990648713
6787132824
5203692661
6884959647
6884959516
3633580965
6538492003
6044426404
6201070364
5315605810
6884449479
6884449942
6876436325
5321917373
5329167826
6597143255
6884956919
6884956642
2950870221
5260741689
5879342589
5287401425
1804782587
6122007720
6198252977
6552331522
6766076307
3996064324
1809576245
5727375397
5551896852
2341925063
6884446793
6008327896
2359285841
6884446428
5579309646
6884913077
6884953722
6884446006
2014224734
5160017456
6341734809
2995463215
6737694043
2139840462
5824856925
6622331021
6112738303
6884943900
5834549517
5325474761
2722917813
5135406688
1715627432
5969932854
6884949537
3796936754
6884949325
6047029039
2700136122
2348235585
5496262792
5100745078
6602557790
6884938250
3166097030
6298658911
6881161824
5684239680
6323332013
6884437384
5637301915
6552140024
6884436674
6884436462
6884943845
5232410446
2509300253
2814876615
5847355531
1681242872
5993007416
5383390498
6434129795
3643358460
6884941619
5495660314
5262890593
6184118165
6224343462
6466088630
5222916083
6884432463
1725989902
5767040234
1225283333
6884938883
5511556723
6884936498
5511008076
5694749753
5330676147
5915171231
5714945351
6473474220
6251722976
6272524949
5136393459
6447478263
6546982128
5419672741
6485049453
1946243033
6013253910
6425752012
3871956895
6445591335
6405950495
6884932132
6884931950
6492754297
5644294396
5481503183
6880881930
6879157109
6884405107
3756637661
1365704257
5846068876
6884422407
6561050137
2729088077
5727201177
2969032295
6884421456
6784118363
3903475559
5584286670
2548549763
5996076146
6363241493
6562080118
6884926069
6604096756
6544476105
6048563307
1102846583
6337572626
5644650228
6395524956
2201602233
6571473715
2608901527
6870229886
3873267575
6578363392
5283662029
5991671900
2175791103
6348496003
6355373437
5681066101
5960661361
6884924752
6568923255
6742671128
6884415959
6538935464
5489222837
2384950270
5510415835
5642234223
3635644650
1782319307
6884922748
6568239865
2701063384
6208654219
6494649488
6884921113
6592623233
6552473679
6494195253
5214461645
6492960169
2271099382
6069812446
6492875413
3954426124
6550537568
1655155673
6199552412
3307414323
6748542093
6494652683
6161105900
5333025217
6769771823
6538767113
5469765089
5979272879
6047286716
5206053534
5870208064
6856369501
5102523781
2294685031
5671713374
5508026779
2439306545
5699252144
6597940608
1882739025
6590244710
6884406956
6880454623
6404517705
2114842530
5874103965
2218763433
6053312456
6500093104
6884911882
1268234057
6883421181
1766291353
5057808121
3220727681
5905573219
6351230014
6505105396
6562077044
6773951679
6698649287
6239036897
6375998309
6407767719
5030793329
2934895705
6553463647
3278807714
6861993274
5579252219
2972922994
2486087762
6884395718
6597330364
6258220443
6500303680
5834839199
6884901754
2483787523
6008742058
3637216581
6386333052
6650044810
6096004735
5816795180
3974360897
6500092231
1991392744
6331841749
1876173487
5839617943
5517156547
6192549990
5964200902
6214771387
3276930381
3236017350
5849101169
6832330697
1596892842
6445421888
5642296447
6884380629
6884383119
2611664710
6705005901
6120494617
5340254982
6884379499
5048628369
6217645651
6500102950
5055483129
6433646898
6883793920
6883792161
6884374712
6884374504
6511231336
6884374142
6633078536
6500090344
6080387286
3483120281
3113511581
6883787629
2759925591
6883786528
6034935386
5794383659
1877035225
6434180091
3737534661
1849072441
6500102495
5893341114
6883784058
6883783139
6883782578
6852879428
6747336344
6500091577
2063691031
6884364716
6689850675
6476890218
6500302758
6504817197
5780027012
5718377880
6048074898
6142803456
6883780435
5553867579
5452182486
2169204010
6500098817
6597406591
6883778027
6862632118
6662222017
5453288543
2877850841
6596811151
6503863176
6597889935
6655583508
6666578398
6331385620
5726467482
6668330392
6738079507
1780416317
6366372549
6500102311
6531414237
6500316335
6189064053
6883770646
6884351730
6597355269
3313558667
5550276302
2375096025
6742307117
6597875122
6500306460
6597416046
6500310317
6597782265
6500318913
6597916939
6597894818
6883763399
6500310844
6500308094
6660866116
6597865102
2642683663
6883757312
6597453602
6500098655
6870384590
6883751108
6436932547
6883750128
6884332225
6597389198
3803258415
6884329600
6500090279
6660324183
1990566751
6883744282
6884326710
6883742918
2115820631
6500091643
3191822634
5550024428
6597291757
6424677314
6884320533
6500308217
5859370623
6500306178
6883733894
3041735924
6883731487
6187862196
6597816361
6883729519
6883728981
6737182030
6737182030
6500088512
5580735921
6884309819
2600878685
5771915180
5854241804
6456024992
6421856956
6884305614
6884305124
6884304615
5074802601
5841954735
6884303840
6260954641
3556060142
2165921055
6597255415
6884300003
6884299190
6884298731
3215524642
5131449999
2077085783
2678863544
6883713578
5180838303
2638563312
6594229673
5536189684
6884294159
2004538405
6046031213
1700055665
6883709436
1893884833
5224589953
2846329602
6430764076
5886550267
2127406615
6884289471
6284177412
6681598144
5769902152
5764060046
6883705479
6884288836
3513834140
5229642512
5792119857
6520892131
6227831166
6883701806
6497193631
6847883073
6882394813
6497412451
6497412451
6500290710
5513045381
5519848601
6884280641
6883696752
5633104627
6883696261
6086424719
6883694929
5857647177
1811947804
5833940462
3150669462
6884277007
5469144730
6500286519
6500286722
6428479923
3092119901
6623752293
2807960150
1954488345
5135511890
6017350015
6884272445
5285478494
3538256165
5566851655
2895411980
1617269361
5326621564
6207167533
2693908713
6883684821
5890060442
6884265923
6500298035
6036199498
5480742814
5839532612
5286141607
3240617742
6867078664
6818222749
5953710600
5070283341
6032200174
2286939434
6500084723
2644918294
6085378776
3824159775
6597115503
2576740853
6884260923
5494677881
1596799764
2793408673
6368410396
6884260086
6500083443
1571228837
5483339457
3994227930
5786312280
5672496185
6560139165
6884239532
1773371144
5440564828
5976967335
5538807755
6540968500
1716273017
5772974192
3657952342
1720535220
5678472651
6648900488
5938023428
6464452192
6852995243
5523599449
1977373152
5745155222
6363589159
3197241334
5078351725
6555249178
6884252707
1702695054
3967353192
6470722154
6150719621
6556924214
2763600265
2782890807
5714471017
6884250783
6883667675
5786395286
5171993899
6883666790
6302661058
5197145937
6526575478
6043479048
6594756457
1642812560
5861400429
6879025957
3988319294
6021516478
5663562723
5659423072
6500075154
5229343390
6883663128
5232285230
5960798799
6008547523
6884245275
6742022016
5962440239
5986267199
6477672496
1824627591
6500289773
5859265873
6877607803
5514916388
6596504456
3564263551
2122953890
5442644732
6131165970
5266102220
3589668553
5696235470
5692068080
5856050495
3189660270
2127223463
1912228395
6883656642
5594894764
3969053911
6729087684
6592243109
5409628197
2603137261
5315125297
6593095223
6283278999
3035767387
1883411025
5058941664
6165829387
6033277762
6497144817
6883654310
5584583475
6533151438
5032828537
5027651017
1909276205
5490622060
6852068312
2089398195
6499785292
5383733921
6497365558
5639820097
2442606075
6033920902
6033920902
6641547924
1868427047
3026551231
5685927447
2927419137
6583143140
6497387333
5522796193
5303853521
5303853521
2514267004
6884232664
6009074249
5793462736
6879925606
2693957874
6379502064
1881156312
5048512982
1980505345
2617043511
6404780085
6883647109
3863381096
5218864727
1557628915
5709715050
2051936303
6808068612
2051936303
6808068612
2849474031
5536919534
6582760309
3831950333
6592579117
5891081180
6493112644
6612737339
5969747599
6017995978
6422388731
5994740231
6262917747
6884226504
5177951784
5867697283
6883643027
5596638087
6067806228
1694362885
2725028655
6140322868
6101660838
6594830831
6883641265
2643203424
6235054869
5760166818
5881020584
3325094172
6065394031
5665326432
6884222969
6884222561
6142627573
2981765997
5633041883
6884222619
6127763349
6072996121
6884220916
6884222143
6682189081
5613135035
5469757669
5630197394
5630197394
2588130597
3961022134
5658771676
5499419875
5899649488
6297961434
6883637249
6408645048
6591333430
6591689769
5997417903
5348567636
6339395255
2153418807
6068152837
5619476741
2287139122
2832872960
5556778369
6884218325
5600514639
6019529954
5774445940
3552089352
5679276556
3487111850
1849700865
3194793194
2982076250
6731537437
5674915408
5451195757
5529284181
5648693945
6193521309
3570586565
6883632200
5928630679
5286999561
6591906136
6592316463
6003567089
5626257838
5691643209
1745467830
6461771408
5261867210
5229895693
5100445435
5374962692
3169821370
5722681566
2876105131
2641994270
5530959874
5994746181
5519999309
6478115336
6883630379
6684653280
6353048194
5632340394
5376511128
6644004661
6883628863
6497119484
5670840120
6685217638
5589589416
5189577655
3546578771
1810270893
6064138382
2090475661
3708457771
3568948102
5851207952
6220564111
6651537195
6443459598
2251310131
1085297214
2009424875
5531145195
2140879144
5357086006
6822546309
6439162339
6204323276
6359337571
2565817431
5507498100
1878182673
6883625211
1986712283
6883624962
5730659398
6497273485
1964112683
6884207829
3065081385
6884206826
3625600543
1802641542
6774775260
3992273892
1942553275
5319279902
2864314114
1850073087
6883614300
3994685740
2416784423
6042896983
3759930445
5087949487
6497388590
5579901249
6620775282
2388460552
6883621181
6375676990
6658341665
6156938516
6679327300
1237253755
6884202379
3195865024
5260792697
6005556657
5532221013
6421097037
6545351952
6884197432
6468677796
6884201295
6884201295
2937630604
5764605972
6336520485
5668706591
1104499610
6323508315
3636335415
3756596194
6645133774
5940881840
3159699684
6610742796
6393711530
6073738083
5181297860
1724184993
5072992796
5206420229
